[{"Camera": {"DistortionModel": "OpenCV", "ImageSizeX": 1920, "ImageSizeY": 1080, "ModelViewMatrix": [[0.7049057661026972, -0.0007836125714438258, -0.7093005335303982, 63.4197977472735], [0.48141370520077115, -0.733872108590296, 0.47924166417173986, 26.352118940469765], [-0.5209114179589797, -0.6792872103790646, -0.5169334390957836, 1034.3156157984865], [0.0, 0.0, 0.0, 1.0]], "SerialNo": "C10095_rgb", "cx": 956.7698814857076, "cy": 530.7079877143003, "fx": 1190.7551370493516, "fy": 1190.5759398821076, "k1": -0.1302736775133077, "k2": 0.12157456523509673, "k3": 0.006152463853539653, "k4": 0.0, "k5": 0.0, "k6": 0.0, "p1": -0.00023014938914916598, "p2": -0.00017116264301961998, "p3": 0.0, "p4": 0.0}, "MountingLocation": "Exocentric", "Type": "OptiTrack Color Camera"}, {"Camera": {"DistortionModel": "OpenCV", "ImageSizeX": 1920, "ImageSizeY": 1080, "ModelViewMatrix": [[0.08364197120853223, -0.004164090923856433, -0.996487170514066, 87.70445312105308], [-0.024313208326889095, -0.9997021067260057, 0.002136751843192102, 189.77208844175462], [-0.9961992213173049, 0.024049078035632686, -0.0837182972380095, 592.1850599054641], [0.0, 0.0, 0.0, 1.0]], "SerialNo": "C10118_rgb", "cx": 954.6698569531358, "cy": 520.2199700500757, "fx": 1248.954308343779, "fy": 1248.6892297455115, "k1": -0.12572296429202312, "k2": 0.11901925018061123, "k3": -0.019079274580269156, "k4": 0.0, "k5": 0.0, "k6": 0.0, "p1": 0.00015319963341041984, "p2": -1.4057078487395473e-05, "p3": 0.0, "p4": 0.0}, "MountingLocation": "Exocentric", "Type": "OptiTrack Color Camera"}, {"Camera": {"DistortionModel": "OpenCV", "ImageSizeX": 1920, "ImageSizeY": 1080, "ModelViewMatrix": [[0.04072860621748142, 0.012153994509612354, -0.9990963222097466, 21.927107854559257], [0.9966571766971926, -0.07136902266614942, 0.039760970079465885, 57.78475419067908], [-0.07082127345341105, -0.9973759286353061, -0.015020126673839673, 1209.6481973640448], [0.0, 0.0, 0.0, 1.0]], "SerialNo": "C10115_rgb", "cx": 945.9059627807758, "cy": 515.9463204506405, "fx": 1248.8459498919258, "fy": 1249.4300061016093, "k1": -0.13163964805489825, "k2": 0.12586241482347993, "k3": -0.019961200548968692, "k4": 0.0, "k5": 0.0, "k6": 0.0, "p1": -0.00045181888148066075, "p2": -1.3295006099473476e-05, "p3": 0.0, "p4": 0.0}, "MountingLocation": "Exocentric", "Type": "OptiTrack Color Camera"}, {"Camera": {"DistortionModel": "OpenCV", "ImageSizeX": 1920, "ImageSizeY": 1080, "ModelViewMatrix": [[-0.9873416329479066, -0.06199891181807369, -0.14598847482296617, 135.4336679781893], [0.15567444699737473, -0.5550156702639981, -0.8171432385533557, 4.417986502220383], [-0.03036389961488275, -0.8295262145916664, 0.5576417245018506, 1198.362915999432], [0.0, 0.0, 0.0, 1.0]], "SerialNo": "C10404_rgb", "cx": 981.7569801356397, "cy": 522.4500302506058, "fx": 1246.5247065070243, "fy": 1246.8827381799579, "k1": -0.12766757007523685, "k2": 0.12232526969089184, "k3": -0.01715177445301352, "k4": 0.0, "k5": 0.0, "k6": 0.0, "p1": -3.486961704116702e-05, "p2": 0.00039786463410310493, "p3": 0.0, "p4": 0.0}, "MountingLocation": "Exocentric", "Type": "OptiTrack Color Camera"}, {"Camera": {"DistortionModel": "OpenCV", "ImageSizeX": 1920, "ImageSizeY": 1080, "ModelViewMatrix": [[-0.9834768775321443, -0.04695680272925464, 0.17483789645574596, 70.61294670333841], [0.09528467277652578, -0.9554417951846403, 0.27937753515310215, 251.15061741385256], [0.15392875785081453, 0.2914207176777216, 0.9441291769745849, 815.0811171434689], [0.0, 0.0, 0.0, 1.0]], "SerialNo": "C10379_rgb", "cx": 958.1171252759063, "cy": 526.5448904504392, "fx": 1251.8520347227945, "fy": 1250.9312834867135, "k1": -0.13125892028958408, "k2": 0.1269614760356668, "k3": -0.01971851551386497, "k4": 0.0, "k5": 0.0, "k6": 0.0, "p1": -0.00023466782587523667, "p2": 0.0009180152713231277, "p3": 0.0, "p4": 0.0}, "MountingLocation": "Exocentric", "Type": "OptiTrack Color Camera"}, {"Camera": {"DistortionModel": "OpenCV", "ImageSizeX": 1920, "ImageSizeY": 1080, "ModelViewMatrix": [[0.9942075549355063, -0.08107199162792879, 0.07055969021079442, 13.161427767672798], [-0.10619393196523925, -0.6398493724599086, 0.7611278666403061, -11.831269843397397], [-0.016558578529703827, -0.7642120862274702, -0.6447524336836064, 1294.8959801399417], [0.0, 0.0, 0.0, 1.0]], "SerialNo": "C10390_rgb", "cx": 942.1621249712258, "cy": 526.3344335995464, "fx": 1246.2405753972791, "fy": 1245.9865787565325, "k1": -0.12816685780235137, "k2": 0.12245870511789621, "k3": -0.017396568489876623, "k4": 0.0, "k5": 0.0, "k6": 0.0, "p1": -8.411951894645918e-05, "p2": 0.0002135563615372555, "p3": 0.0, "p4": 0.0}, "MountingLocation": "Exocentric", "Type": "OptiTrack Color Camera"}, {"Camera": {"DistortionModel": "OpenCV", "ImageSizeX": 1920, "ImageSizeY": 1080, "ModelViewMatrix": [[-0.579261951472186, 0.09561415475296436, -0.8095143760227559, 17.414245518935424], [0.5137329474679508, -0.7282203483721206, -0.4536227319069007, 144.74965735607452], [-0.6328775950075396, -0.6786405953283848, 0.37271019855889165, 918.6210023721188], [0.0, 0.0, 0.0, 1.0]], "SerialNo": "C10119_rgb", "cx": 954.2737757394397, "cy": 514.6814880209777, "fx": 1244.917652905676, "fy": 1244.6009877825634, "k1": -0.12962076411794918, "k2": 0.12328971205086872, "k3": -0.01946044224766336, "k4": 0.0, "k5": 0.0, "k6": 0.0, "p1": -0.0002713270464651114, "p2": -0.00030588898892841993, "p3": 0.0, "p4": 0.0}, "MountingLocation": "Exocentric", "Type": "OptiTrack Color Camera"}, {"Camera": {"DistortionModel": "OpenCV", "ImageSizeX": 1920, "ImageSizeY": 1080, "ModelViewMatrix": [[0.9710077287270926, 0.0211037065496113, 0.2381147293262657, 1.4281271000432083], [0.09725099925527472, -0.944813101572789, -0.3128425262656242, 323.36375176499075], [0.2183717790743654, 0.32692940624280814, -0.9194731803797336, 951.6007915250714], [0.0, 0.0, 0.0, 1.0]], "SerialNo": "C10395_rgb", "cx": 950.6440991627338, "cy": 524.0155677498964, "fx": 1245.018954287678, "fy": 1244.3313390144444, "k1": -0.13008649892532445, "k2": 0.12543942394074603, "k3": -0.017493190005187606, "k4": 0.0, "k5": 0.0, "k6": 0.0, "p1": 0.0006705855252047621, "p2": -0.00026933493361826064, "p3": 0.0, "p4": 0.0}, "MountingLocation": "Exocentric", "Type": "OptiTrack Color Camera"}, {"Camera": {"DistortionModel": "OVFishEye62", "ImageSizeX": 636, "ImageSizeY": 480, "ModelViewMatrix": [[-0.36944457089715055, 0.9281910401891773, 0.04440835447473451, 121.97360523596487], [-0.09890948717901876, 0.008239152343531453, -0.9950623245378372, -40.522569506199986], [-0.9239738212636786, -0.3720127810723623, 0.08876298968715901, -101.9442689577304], [0.0, 0.0, 0.0, 1.0]], "SerialNo": "21179183_mono10bit", "cx": 311.9061331930199, "cy": 237.83958605930255, "fx": 191.65582141949048, "fy": 191.46509996658165, "k1": 0.26209560337142696, "k2": 0.12776166536669387, "k3": -0.3790254654443724, "k4": 0.30770522737377903, "k5": -0.12044725286308956, "k6": 0.01926736381541895, "p1": -0.000759836975732014, "p2": -0.000237382316714647, "p3": 0.0, "p4": 0.0}, "MountingLocation": "Exocentric", "ParentName": "cx3-01", "Type": "CX3"}, {"Camera": {"DistortionModel": "OVFishEye62", "ImageSizeX": 636, "ImageSizeY": 480, "ModelViewMatrix": [[-0.3774814899210508, 0.5258597334815084, 0.7622199587190956, 150.5441171165666], [0.7961113344315579, 0.6047155726301106, -0.022930752456940373, 57.66797917127174], [-0.4729846381824541, 0.5981560138637696, -0.6469118294806626, -67.86926811321611], [0.0, 0.0, 0.0, 1.0]], "SerialNo": "21176623_mono10bit", "cx": 308.88033210153185, "cy": 231.8170608170117, "fx": 193.2612684274341, "fy": 193.0179574270989, "k1": 0.25749791369047736, "k2": 0.1416037675880224, "k3": -0.4016739708988609, "k4": 0.3257701664292359, "k5": -0.12819693830906345, "k6": 0.020681140883091236, "p1": -0.00033744551256492206, "p2": -0.0002662792083775234, "p3": 0.0, "p4": 0.0}, "MountingLocation": "Exocentric", "ParentName": "cx3-01", "Type": "CX3"}, {"Camera": {"DistortionModel": "OVFishEye62", "ImageSizeX": 636, "ImageSizeY": 480, "ModelViewMatrix": [[-0.3743769482873385, 0.9260488646722962, 0.04770116172810468, 121.70892688184885], [0.23044617507859794, 0.14274504109619923, -0.9625582650593618, -112.83399846844222], [-0.898185092830372, -0.3493670755546316, -0.2668448716683547, -131.8032682864595], [0.0, 0.0, 0.0, 1.0]], "SerialNo": "21110305_mono10bit", "cx": 313.04244009495375, "cy": 233.64238350799002, "fx": 189.9412860195803, "fy": 189.88541028870918, "k1": 0.2774912784595329, "k2": 0.09352849424015451, "k3": -0.3472595589219733, "k4": 0.29335149281396006, "k5": -0.11752798759011007, "k6": 0.019042334382489572, "p1": -0.00014784366148412395, "p2": -0.0002644904974445701, "p3": 0.0, "p4": 0.0}, "MountingLocation": "Exocentric", "ParentName": "cx3-01", "Type": "CX3"}, {"Camera": {"DistortionModel": "OVFishEye62", "ImageSizeX": 636, "ImageSizeY": 480, "ModelViewMatrix": [[-0.28791917067800443, 0.632263372788972, -0.7192673901864342, 36.78278277619874], [-0.7638041126462757, -0.6046702792899654, -0.22578115698178003, -80.78972012772927], [-0.5776727695336921, 0.48437266724383743, 0.6570215297586259, 30.53805063708323], [0.0, 0.0, 0.0, 1.0]], "SerialNo": "21176875_mono10bit", "cx": 314.95205120780236, "cy": 237.23118908958966, "fx": 190.0589014804568, "fy": 190.14357426253937, "k1": 0.25593554171046895, "k2": 0.165084791633286, "k3": -0.4490791437823655, "k4": 0.3699445543375956, "k5": -0.14673738359370203, "k6": 0.023514977455980253, "p1": -5.220397928174726e-05, "p2": -0.00048082467060351676, "p3": 0.0, "p4": 0.0}, "MountingLocation": "Exocentric", "ParentName": "cx3-01", "Type": "CX3"}]