[{"Camera": {"DistortionModel": "OpenCV", "ImageSizeX": 1920, "ImageSizeY": 1080, "ModelViewMatrix": [[0.6828457547584676, -0.003051967291803681, -0.7305561995520868, 37.661772778859316], [0.4989709397834403, -0.7284678898243386, 0.4694278802398794, -49.464564542942895], [-0.5336194116221495, -0.6850731486421913, -0.49590836305662944, 1117.840036446694], [0.0, 0.0, 0.0, 1.0]], "SerialNo": "C10095_rgb", "cx": 957.1943055450844, "cy": 530.2840399376485, "fx": 1192.6629058400167, "fy": 1193.105689535634, "k1": -0.1287270247004602, "k2": 0.12050466824969855, "k3": 0.007106105502563513, "k4": 0.0, "k5": 0.0, "k6": 0.0, "p1": 4.7519577940089256e-05, "p2": -0.00017739016996751755, "p3": 0.0, "p4": 0.0}, "MountingLocation": "Exocentric", "Type": "OptiTrack Color Camera"}, {"Camera": {"DistortionModel": "OpenCV", "ImageSizeX": 1920, "ImageSizeY": 1080, "ModelViewMatrix": [[0.9789624266384817, 0.026080804842383447, 0.20236689168159147, -104.02945911761725], [0.08941338090668041, -0.9463323612666537, -0.31058060038308416, 334.7417950127212], [0.18340614642081207, 0.32214104618668765, -0.9287557977298524, 986.6868732336544], [0.0, 0.0, 0.0, 1.0]], "SerialNo": "C10395_rgb", "cx": 947.1029659439484, "cy": 522.0050291243932, "fx": 1244.9855480561632, "fy": 1244.1000287633867, "k1": -0.11981261183213084, "k2": 0.1148862208861369, "k3": -0.012854488385869663, "k4": 0.0, "k5": 0.0, "k6": 0.0, "p1": 0.0004874521408661789, "p2": 0.0007432000695276958, "p3": 0.0, "p4": 0.0}, "MountingLocation": "Exocentric", "Type": "OptiTrack Color Camera"}, {"Camera": {"DistortionModel": "OpenCV", "ImageSizeX": 1920, "ImageSizeY": 1080, "ModelViewMatrix": [[0.05383401227281803, -0.012855037838786769, -0.9984671487459034, 139.2234032284675], [-0.018080595308599276, -0.9997657503455168, 0.01189691175697823, 190.38963551687428], [-0.998386193412097, 0.01741242195187187, -0.05405382841088402, 694.0404294903813], [0.0, 0.0, 0.0, 1.0]], "SerialNo": "C10118_rgb", "cx": 956.9534665854761, "cy": 521.9375347763569, "fx": 1247.7833267497351, "fy": 1247.6272805073004, "k1": -0.12645845613486043, "k2": 0.11926363238295032, "k3": -0.01956019718876957, "k4": 0.0, "k5": 0.0, "k6": 0.0, "p1": 0.00020254646088057956, "p2": 0.0004861738542394825, "p3": 0.0, "p4": 0.0}, "MountingLocation": "Exocentric", "Type": "OptiTrack Color Camera"}, {"Camera": {"DistortionModel": "OpenCV", "ImageSizeX": 1920, "ImageSizeY": 1080, "ModelViewMatrix": [[-0.9754820198581224, -0.047917759017594326, 0.21479924884470522, 157.28927878673142], [0.10965941543259389, -0.9520486262722521, 0.28561902216081436, 224.54768219361492], [0.19081310631217038, 0.3021709807110037, 0.9339609504019162, 739.4058934864561], [0.0, 0.0, 0.0, 1.0]], "SerialNo": "C10379_rgb", "cx": 954.5879578935715, "cy": 526.0371113355715, "fx": 1249.3841084060552, "fy": 1247.770571694724, "k1": -0.13303492303041192, "k2": 0.12944288492591696, "k3": -0.019094854142669024, "k4": 0.0, "k5": 0.0, "k6": 0.0, "p1": -0.00047146287725153863, "p2": -9.791943623011928e-05, "p3": 0.0, "p4": 0.0}, "MountingLocation": "Exocentric", "Type": "OptiTrack Color Camera"}, {"Camera": {"DistortionModel": "OpenCV", "ImageSizeX": 1920, "ImageSizeY": 1080, "ModelViewMatrix": [[-0.9914450308594454, -0.06885481195057784, -0.11088627352095896, 242.21025874514274], [0.13038373324265196, -0.5619448734537102, -0.816834157773047, 39.27331243985509], [-0.006069010613216991, -0.8243039330673757, 0.5661149998364574, 1167.7387891044273], [0.0, 0.0, 0.0, 1.0]], "SerialNo": "C10404_rgb", "cx": 979.4828033329437, "cy": 522.7770552135817, "fx": 1248.9504713185459, "fy": 1248.9260071726821, "k1": -0.13065833026572438, "k2": 0.12768072636779731, "k3": -0.01525953695796313, "k4": 0.0, "k5": 0.0, "k6": 0.0, "p1": -0.0002688140108864939, "p2": 9.560089080982972e-05, "p3": 0.0, "p4": 0.0}, "MountingLocation": "Exocentric", "Type": "OptiTrack Color Camera"}, {"Camera": {"DistortionModel": "OpenCV", "ImageSizeX": 1920, "ImageSizeY": 1080, "ModelViewMatrix": [[0.007127995895186423, 0.002780010187956705, -0.9999707311806048, 80.01796933231901], [0.9977741823819408, -0.06632257838152222, 0.006927955605830705, -42.056184015006934], [-0.06630137741078773, -0.9977943611487198, -0.0032465694587635596, 1213.7476448623206], [0.0, 0.0, 0.0, 1.0]], "SerialNo": "C10115_rgb", "cx": 945.7128833740151, "cy": 516.945251529539, "fx": 1248.0543848976904, "fy": 1248.196204277115, "k1": -0.13376925201503617, "k2": 0.129227146132787, "k3": -0.019087940849634524, "k4": 0.0, "k5": 0.0, "k6": 0.0, "p1": -0.0003720776622828966, "p2": 1.8279427222197637e-05, "p3": 0.0, "p4": 0.0}, "MountingLocation": "Exocentric", "Type": "OptiTrack Color Camera"}, {"Camera": {"DistortionModel": "OpenCV", "ImageSizeX": 1920, "ImageSizeY": 1080, "ModelViewMatrix": [[-0.6039311605433757, 0.08793191638377809, -0.7921711503241005, 121.50112484810266], [0.502497887345117, -0.7294791746695533, -0.46406465814272313, 122.72208209741062], [-0.6186784516519275, -0.678327437012911, 0.3963696023373505, 957.4076681135934], [0.0, 0.0, 0.0, 1.0]], "SerialNo": "C10119_rgb", "cx": 956.6043617616568, "cy": 514.0942603525342, "fx": 1244.9718805428386, "fy": 1244.956333998512, "k1": -0.13360923411993467, "k2": 0.13143851253414612, "k3": -0.01531588112963769, "k4": 0.0, "k5": 0.0, "k6": 0.0, "p1": -0.0003818883526312111, "p2": 0.00018523825046167782, "p3": 0.0, "p4": 0.0}, "MountingLocation": "Exocentric", "Type": "OptiTrack Color Camera"}, {"Camera": {"DistortionModel": "OpenCV", "ImageSizeX": 1920, "ImageSizeY": 1080, "ModelViewMatrix": [[0.9963716929908137, -0.07603317216688234, 0.03824141912718353, -88.66171084947942], [-0.07780242846552703, -0.6315752302531197, 0.7714010050911173, -49.91445719599223], [-0.03449973233934201, -0.7715774006935148, -0.6351992468568848, 1335.322678613354], [0.0, 0.0, 0.0, 1.0]], "SerialNo": "C10390_rgb", "cx": 943.4563324769277, "cy": 527.0152297521367, "fx": 1245.6827251386119, "fy": 1245.911704054671, "k1": -0.12939765488780225, "k2": 0.12424408127906593, "k3": -0.016924700413578714, "k4": 0.0, "k5": 0.0, "k6": 0.0, "p1": 4.887322781541485e-06, "p2": 0.0003624408864437467, "p3": 0.0, "p4": 0.0}, "MountingLocation": "Exocentric", "Type": "OptiTrack Color Camera"}, {"Camera": {"DistortionModel": "OVFishEye62", "ImageSizeX": 636, "ImageSizeY": 480, "ModelViewMatrix": [[0.5807983003138919, 0.8138170771859883, -0.01936747874529493, 129.1661691832839], [0.20050673947838193, -0.11995640801276908, 0.9723206814628713, -16.52289261529777], [0.788967921893053, -0.5686055091688167, -0.23284628656396533, -117.60491653373568], [0.0, 0.0, 0.0, 1.0]], "SerialNo": "84358933_mono10bit", "cx": 320.632941993835, "cy": 237.46681476407363, "fx": 193.2580505425811, "fy": 193.11553740593757, "k1": 0.24835153649784214, "k2": 0.18957805450556645, "k3": -0.4806999091829884, "k4": 0.3809968136908867, "k5": -0.1455677542473366, "k6": 0.022636970913604285, "p1": 0.00026638350303759983, "p2": -0.0008491656014045921, "p3": 0.0, "p4": 0.0}, "MountingLocation": "Egocentric", "ParentName": "cx3-02", "Type": "CX3"}, {"Camera": {"DistortionModel": "OVFishEye62", "ImageSizeX": 636, "ImageSizeY": 480, "ModelViewMatrix": [[0.5357134785068567, 0.46938909918726346, 0.7019151960958341, 58.92466593679844], [0.6123079570490834, -0.7883495378839251, 0.059866283103097495, -88.52456470892324], [0.5814551011733078, 0.39771708497671016, -0.7097401536035335, 12.53784239257062], [0.0, 0.0, 0.0, 1.0]], "SerialNo": "84346135_mono10bit", "cx": 321.24326436338004, "cy": 237.78297606313146, "fx": 191.05943427124458, "fy": 191.2335143314122, "k1": 0.2694108486792186, "k2": 0.09622548083940813, "k3": -0.3287658066558881, "k4": 0.2606949451501514, "k5": -0.09798853192985546, "k6": 0.015073445088922445, "p1": 0.0011414513976196084, "p2": -0.0006922976804792407, "p3": 0.0, "p4": 0.0}, "MountingLocation": "Egocentric", "ParentName": "cx3-02", "Type": "CX3"}, {"Camera": {"DistortionModel": "OVFishEye62", "ImageSizeX": 636, "ImageSizeY": 480, "ModelViewMatrix": [[0.3975909235119006, 0.510479495578179, -0.7624514031301943, 138.01642270638465], [-0.6144920272268134, 0.7652273707884387, 0.19190263018232645, 73.82874188868368], [0.6814110404268743, 0.3922215644128474, 0.6179330371439151, -52.60792941193225], [0.0, 0.0, 0.0, 1.0]], "SerialNo": "84347414_mono10bit", "cx": 319.9404816107614, "cy": 238.254101318073, "fx": 192.13749887550918, "fy": 192.10808871425513, "k1": 0.2581006164853061, "k2": 0.15929213651273685, "k3": -0.4458973249745938, "k4": 0.3663323260556241, "k5": -0.14388544768243816, "k6": 0.02276503310643023, "p1": 0.0007237771787408128, "p2": -0.0009705127993668235, "p3": 0.0, "p4": 0.0}, "MountingLocation": "Egocentric", "ParentName": "cx3-02", "Type": "CX3"}, {"Camera": {"DistortionModel": "OVFishEye62", "ImageSizeX": 636, "ImageSizeY": 480, "ModelViewMatrix": [[0.5784758323484964, 0.8155051926080376, -0.017804275274272252, 129.81550055211], [-0.08315461085765696, 0.08067062788315416, 0.9932661075915405, -86.29213440556332], [0.811449950447855, -0.5730999307505331, 0.11447902555450318, -138.39337931519412], [0.0, 0.0, 0.0, 1.0]], "SerialNo": "84355350_mono10bit", "cx": 320.9516260377661, "cy": 237.90422398912858, "fx": 191.55053072058965, "fy": 191.60057503588337, "k1": 0.2690264186508369, "k2": 0.1257729474063267, "k3": -0.3947234007803609, "k4": 0.32135574060821287, "k5": -0.12389824935193162, "k6": 0.019321415601963363, "p1": 0.0007996064311313012, "p2": 1.5557389546861392e-05, "p3": 0.0, "p4": 0.0}, "MountingLocation": "Egocentric", "ParentName": "cx3-02", "Type": "CX3"}]