[{"Camera": {"DistortionModel": "OpenCV", "ImageSizeX": 1920, "ImageSizeY": 1080, "ModelViewMatrix": [[-0.5860788250358282, 0.07558696793864725, -0.8067206586684549, 66.65855139495535], [0.5206198550099462, -0.727781194381304, -0.44641852523651604, 132.1239456167197], [-0.6208595472520707, -0.6816312370943436, 0.3871850709973058, 934.243538609129], [0.0, 0.0, 0.0, 1.0]], "SerialNo": "C10119_rgb", "cx": 954.7629796955454, "cy": 515.5190533294902, "fx": 1244.3718855522513, "fy": 1244.4191504487148, "k1": -0.13158289989310396, "k2": 0.1267494608413035, "k3": -0.018223953726771696, "k4": 0.0, "k5": 0.0, "k6": 0.0, "p1": -0.00013345799121690559, "p2": -6.725577988985992e-05, "p3": 0.0, "p4": 0.0}, "MountingLocation": "Exocentric", "Type": "OptiTrack Color Camera"}, {"Camera": {"DistortionModel": "OpenCV", "ImageSizeX": 1920, "ImageSizeY": 1080, "ModelViewMatrix": [[0.6992964892977416, -0.002859708283410922, -0.7148260222770205, 52.670487162249685], [0.49382965297271253, -0.721075532616188, 0.48598595669744565, -10.148194599527658], [-0.5168333328073026, -0.6928505598834536, -0.5028333797277995, 1070.4094302958117], [0.0, 0.0, 0.0, 1.0]], "SerialNo": "C10095_rgb", "cx": 955.9345301171513, "cy": 530.2063696947996, "fx": 1190.7266607153588, "fy": 1190.5081786756443, "k1": -0.12952808319622555, "k2": 0.12101736858135625, "k3": 0.005210246562203158, "k4": 0.0, "k5": 0.0, "k6": 0.0, "p1": -0.0002537119491212617, "p2": -0.00048177586979840896, "p3": 0.0, "p4": 0.0}, "MountingLocation": "Exocentric", "Type": "OptiTrack Color Camera"}, {"Camera": {"DistortionModel": "OpenCV", "ImageSizeX": 1920, "ImageSizeY": 1080, "ModelViewMatrix": [[-0.9805999519433204, -0.057053254341224297, 0.18753309152742664, 112.83111117107045], [0.11099194405125404, -0.9501711743920085, 0.2912997214386507, 234.7339178103753], [0.16156894071721178, 0.3064631552464142, 0.9380702595605142, 780.8013361455663], [0.0, 0.0, 0.0, 1.0]], "SerialNo": "C10379_rgb", "cx": 954.2544202663634, "cy": 529.5788521692834, "fx": 1249.7411857931006, "fy": 1249.411504049853, "k1": -0.1289935646400725, "k2": 0.12131790437586541, "k3": -0.021375494148244273, "k4": 0.0, "k5": 0.0, "k6": 0.0, "p1": 0.0002061910477565657, "p2": 0.00017836657402825985, "p3": 0.0, "p4": 0.0}, "MountingLocation": "Exocentric", "Type": "OptiTrack Color Camera"}, {"Camera": {"DistortionModel": "OpenCV", "ImageSizeX": 1920, "ImageSizeY": 1080, "ModelViewMatrix": [[-0.9875759885058626, -0.07934599529664983, -0.13563878485541234, 187.01999458917095], [0.15664646981444258, -0.5655917226563658, -0.8096714684100446, 19.325308275474555], [-0.012471985461093883, -0.820859437597564, 0.5709940746502273, 1182.2175247498278], [0.0, 0.0, 0.0, 1.0]], "SerialNo": "C10404_rgb", "cx": 979.0734308947447, "cy": 522.5415978307968, "fx": 1247.0938298031317, "fy": 1247.2285910498983, "k1": -0.12573742453991935, "k2": 0.1194984048712044, "k3": -0.016471726580395512, "k4": 0.0, "k5": 0.0, "k6": 0.0, "p1": -3.4588910190711505e-05, "p2": -0.0003461799666600253, "p3": 0.0, "p4": 0.0}, "MountingLocation": "Exocentric", "Type": "OptiTrack Color Camera"}, {"Camera": {"DistortionModel": "OpenCV", "ImageSizeX": 1920, "ImageSizeY": 1080, "ModelViewMatrix": [[0.0756290054211538, -0.018332184271799425, -0.996967494233805, 113.07650475829604], [-0.010035180925252818, -0.9997943430352665, 0.017622904938670567, 188.08068467340036], [-0.997085527265743, 0.008671946408088983, -0.07579741857537581, 638.8704252541285], [0.0, 0.0, 0.0, 1.0]], "SerialNo": "C10118_rgb", "cx": 953.351702568067, "cy": 520.6651087608273, "fx": 1246.9658483307796, "fy": 1246.6151004576946, "k1": -0.12666177140943796, "k2": 0.11990549360768128, "k3": -0.019313621259294197, "k4": 0.0, "k5": 0.0, "k6": 0.0, "p1": -4.892982813897401e-05, "p2": -0.0003084127906710335, "p3": 0.0, "p4": 0.0}, "MountingLocation": "Exocentric", "Type": "OptiTrack Color Camera"}, {"Camera": {"DistortionModel": "OpenCV", "ImageSizeX": 1920, "ImageSizeY": 1080, "ModelViewMatrix": [[0.031885441057406094, -0.004093311607832717, -0.9994831481564137, 49.05726594082993], [0.997888571799914, -0.056481653006190236, 0.032065887556965045, 11.746351060104981], [-0.056583716029457554, -0.9983952462195367, 0.002283726456518531, 1208.7646610930192], [0.0, 0.0, 0.0, 1.0]], "SerialNo": "C10115_rgb", "cx": 945.9233439792317, "cy": 515.7774589729237, "fx": 1248.603760728349, "fy": 1248.9194097784682, "k1": -0.13114127324616096, "k2": 0.12399594975578866, "k3": -0.020932784117860086, "k4": 0.0, "k5": 0.0, "k6": 0.0, "p1": -0.0005596590089964968, "p2": 0.00012150296899632882, "p3": 0.0, "p4": 0.0}, "MountingLocation": "Exocentric", "Type": "OptiTrack Color Camera"}, {"Camera": {"DistortionModel": "OpenCV", "ImageSizeX": 1920, "ImageSizeY": 1080, "ModelViewMatrix": [[0.9716888162044601, 0.03692017923804085, 0.23336183241525565, -52.03256406951226], [0.10855040985946442, -0.9470578498257725, -0.30215598223885604, 327.6838584538048], [0.2098515022164893, 0.3189331112450015, -0.9242532215627206, 966.3769602662715], [0.0, 0.0, 0.0, 1.0]], "SerialNo": "C10395_rgb", "cx": 953.900446640029, "cy": 521.9536229620069, "fx": 1244.460577742521, "fy": 1242.5459607106336, "k1": -0.1216462858732239, "k2": 0.11362376437215328, "k3": -0.017298967451316098, "k4": 0.0, "k5": 0.0, "k6": 0.0, "p1": 0.0002918293956092521, "p2": 0.0016290853654017353, "p3": 0.0, "p4": 0.0}, "MountingLocation": "Exocentric", "Type": "OptiTrack Color Camera"}, {"Camera": {"DistortionModel": "OpenCV", "ImageSizeX": 1920, "ImageSizeY": 1080, "ModelViewMatrix": [[0.995777681870981, -0.06841686436747953, 0.06120409265545307, -31.386742654437125], [-0.09064198191593616, -0.627349424761793, 0.7734447170712324, -31.72838035362125], [-0.01452030998314013, -0.7757266476802054, -0.6309019960951336, 1312.7058621086626], [0.0, 0.0, 0.0, 1.0]], "SerialNo": "C10390_rgb", "cx": 940.3245815828923, "cy": 526.9932844388, "fx": 1247.2099599997011, "fy": 1247.4788779059447, "k1": -0.12958049322319184, "k2": 0.12585290108497418, "k3": -0.016077931482844754, "k4": 0.0, "k5": 0.0, "k6": 0.0, "p1": 0.00016196871664434604, "p2": -0.0001794136524373089, "p3": 0.0, "p4": 0.0}, "MountingLocation": "Exocentric", "Type": "OptiTrack Color Camera"}, {"Camera": {"DistortionModel": "OVFishEye62", "ImageSizeX": 636, "ImageSizeY": 480, "ModelViewMatrix": [[-0.3552498026672346, 0.9346867765656661, 0.012578053035972925, 122.52805638612637], [-0.08006904122289299, -0.01702032214164495, -0.9966439972587211, -40.486070054499976], [-0.9313358826666875, -0.35506469600268536, 0.08088594012548112, -101.3711965875332], [0.0, 0.0, 0.0, 1.0]], "SerialNo": "21179183_mono10bit", "cx": 311.9061331930199, "cy": 237.83958605930255, "fx": 191.65582141949048, "fy": 191.46509996658165, "k1": 0.26209560337142696, "k2": 0.12776166536669387, "k3": -0.3790254654443724, "k4": 0.30770522737377903, "k5": -0.12044725286308956, "k6": 0.01926736381541895, "p1": -0.000759836975732014, "p2": -0.000237382316714647, "p3": 0.0, "p4": 0.0}, "MountingLocation": "Exocentric", "ParentName": "cx3-01", "Type": "CX3"}, {"Camera": {"DistortionModel": "OVFishEye62", "ImageSizeX": 636, "ImageSizeY": 480, "ModelViewMatrix": [[-0.37687805931766616, 0.5515172656156576, 0.7441717773019737, 152.74260674123073], [0.805030571316213, 0.5924048580818695, -0.03134108114427214, 55.375228096077784], [-0.4581361234952358, 0.5872692652002387, -0.6672526526735809, -67.48855566833497], [0.0, 0.0, 0.0, 1.0]], "SerialNo": "21176623_mono10bit", "cx": 308.88033210153185, "cy": 231.8170608170117, "fx": 193.2612684274341, "fy": 193.0179574270989, "k1": 0.25749791369047736, "k2": 0.1416037675880224, "k3": -0.4016739708988609, "k4": 0.3257701664292359, "k5": -0.12819693830906345, "k6": 0.020681140883091236, "p1": -0.00033744551256492206, "p2": -0.0002662792083775234, "p3": 0.0, "p4": 0.0}, "MountingLocation": "Exocentric", "ParentName": "cx3-01", "Type": "CX3"}, {"Camera": {"DistortionModel": "OVFishEye62", "ImageSizeX": 636, "ImageSizeY": 480, "ModelViewMatrix": [[-0.3627953705764102, 0.9317000704262296, 0.017734087404882637, 121.5355740415954], [0.24203569613609888, 0.11258987664789455, -0.9637127380461077, -115.23019275734035], [-0.8998879046215917, -0.34533823773826544, -0.26635176115728987, -130.4051404064079], [0.0, 0.0, 0.0, 1.0]], "SerialNo": "21110305_mono10bit", "cx": 313.04244009495375, "cy": 233.64238350799002, "fx": 189.9412860195803, "fy": 189.88541028870918, "k1": 0.2774912784595329, "k2": 0.09352849424015451, "k3": -0.3472595589219733, "k4": 0.29335149281396006, "k5": -0.11752798759011007, "k6": 0.019042334382489572, "p1": -0.00014784366148412395, "p2": -0.0002644904974445701, "p3": 0.0, "p4": 0.0}, "MountingLocation": "Exocentric", "ParentName": "cx3-01", "Type": "CX3"}, {"Camera": {"DistortionModel": "OVFishEye62", "ImageSizeX": 636, "ImageSizeY": 480, "ModelViewMatrix": [[-0.26692763122350827, 0.6135260579751921, -0.7431927178564307, 35.63341574212879], [-0.7670892934607313, -0.602080735230258, -0.22152382292319783, -80.08439135068369], [-0.5833726558104374, 0.510964347533185, 0.6313412547922586, 30.837486181913558], [0.0, 0.0, 0.0, 1.0]], "SerialNo": "21176875_mono10bit", "cx": 314.95205120780236, "cy": 237.23118908958966, "fx": 190.0589014804568, "fy": 190.14357426253937, "k1": 0.25593554171046895, "k2": 0.165084791633286, "k3": -0.4490791437823655, "k4": 0.3699445543375956, "k5": -0.14673738359370203, "k6": 0.023514977455980253, "p1": -5.220397928174726e-05, "p2": -0.00048082467060351676, "p3": 0.0, "p4": 0.0}, "MountingLocation": "Exocentric", "ParentName": "cx3-01", "Type": "CX3"}]