[{"Camera": {"DistortionModel": "OpenCV", "ImageSizeX": 1920, "ImageSizeY": 1080, "ModelViewMatrix": [[-0.645066423158847, 0.0868090407215256, -0.7591794913998009, 152.01451682814678], [0.4728955308992323, -0.7350547115262729, -0.4858645777565611, 95.70706389077237], [-0.6002158999631593, -0.6724275139463263, 0.43310750619145155, 997.7353167358716], [0.0, 0.0, 0.0, 1.0]], "SerialNo": "C10119_rgb", "cx": 952.4805410056321, "cy": 513.9033157180831, "fx": 1245.7731197880832, "fy": 1244.6472484953752, "k1": -0.13161547236304916, "k2": 0.1264831790091505, "k3": -0.019298710157494542, "k4": 0.0, "k5": 0.0, "k6": 0.0, "p1": -0.000541095057058323, "p2": -0.00046924423198201526, "p3": 0.0, "p4": 0.0}, "MountingLocation": "Exocentric", "Type": "OptiTrack Color Camera"}, {"Camera": {"DistortionModel": "OpenCV", "ImageSizeX": 1920, "ImageSizeY": 1080, "ModelViewMatrix": [[0.6687664383467125, 0.0010985166064758356, -0.7434717507762605, -24.727899244919126], [0.5008379275217315, -0.7397182697867146, 0.4494199057668514, -43.155584559252944], [-0.5494659418897494, -0.672915800531548, -0.4952489314457893, 1135.325941747775], [0.0, 0.0, 0.0, 1.0]], "SerialNo": "C10095_rgb", "cx": 956.398293854895, "cy": 529.3806823891564, "fx": 1192.9988891498508, "fy": 1193.0871617707778, "k1": -0.12955526371227694, "k2": 0.12134596054406989, "k3": 0.007591088628593881, "k4": 0.0, "k5": 0.0, "k6": 0.0, "p1": -0.0002121132077110871, "p2": -0.0003705106551169301, "p3": 0.0, "p4": 0.0}, "MountingLocation": "Exocentric", "Type": "OptiTrack Color Camera"}, {"Camera": {"DistortionModel": "OpenCV", "ImageSizeX": 1920, "ImageSizeY": 1080, "ModelViewMatrix": [[0.022559968041560796, -0.007761019208159012, -0.9997153667033507, 114.82961037909627], [-0.01676062273724763, -0.9998322671830016, 0.007383699964097728, 200.9199520479618], [-0.9996049866659449, 0.016589276070725505, -0.02268626350957481, 746.3442060250218], [0.0, 0.0, 0.0, 1.0]], "SerialNo": "C10118_rgb", "cx": 955.3759024667896, "cy": 519.3962602693654, "fx": 1247.1474302899435, "fy": 1246.653540495397, "k1": -0.12596915921294854, "k2": 0.11768807742898532, "k3": -0.02024309019119835, "k4": 0.0, "k5": 0.0, "k6": 0.0, "p1": -0.0001678939083136032, "p2": 9.524484703570618e-05, "p3": 0.0, "p4": 0.0}, "MountingLocation": "Exocentric", "Type": "OptiTrack Color Camera"}, {"Camera": {"DistortionModel": "OpenCV", "ImageSizeX": 1920, "ImageSizeY": 1080, "ModelViewMatrix": [[-0.9674465902248865, -0.04472465858581755, 0.24909195084671765, 205.13206083512074], [0.11741975088461636, -0.9512330893838383, 0.2852511380581584, 228.02306032924827], [0.22418674618370327, 0.3052135556879182, 0.9255187671030242, 735.4293650765655], [0.0, 0.0, 0.0, 1.0]], "SerialNo": "C10379_rgb", "cx": 958.8384679973385, "cy": 525.9230988360567, "fx": 1250.090269487156, "fy": 1248.8575985923458, "k1": -0.1274148674589451, "k2": 0.12403185387859053, "k3": -0.016996662449123838, "k4": 0.0, "k5": 0.0, "k6": 0.0, "p1": -0.0004044005841645961, "p2": 0.00017963793116507272, "p3": 0.0, "p4": 0.0}, "MountingLocation": "Exocentric", "Type": "OptiTrack Color Camera"}, {"Camera": {"DistortionModel": "OpenCV", "ImageSizeX": 1920, "ImageSizeY": 1080, "ModelViewMatrix": [[-0.9943412097963324, -0.06983767777844511, -0.08005159126014308, 291.8260818882353], [0.10557746893380014, -0.5660255579460634, -0.8175992085400896, 32.34227315760356], [0.011787983470441861, -0.8214242305376451, 0.5701958233197943, 1177.939798649719], [0.0, 0.0, 0.0, 1.0]], "SerialNo": "C10404_rgb", "cx": 981.9351935994314, "cy": 522.1067538455668, "fx": 1247.476130455615, "fy": 1248.0466564867754, "k1": -0.1261615137828796, "k2": 0.12234893644370146, "k3": -0.01525739862081206, "k4": 0.0, "k5": 0.0, "k6": 0.0, "p1": -0.00010556971938864533, "p2": 0.0004959738845540408, "p3": 0.0, "p4": 0.0}, "MountingLocation": "Exocentric", "Type": "OptiTrack Color Camera"}, {"Camera": {"DistortionModel": "OpenCV", "ImageSizeX": 1920, "ImageSizeY": 1080, "ModelViewMatrix": [[0.9961612499507654, -0.08704445356273033, 0.00927508493192301, -123.8638754537477], [-0.06329767119119062, -0.6430748764885348, 0.7631828798204451, -5.642132906655513], [-0.06046626264538446, -0.7608403027792506, -0.6461159839753834, 1325.6830079656145], [0.0, 0.0, 0.0, 1.0]], "SerialNo": "C10390_rgb", "cx": 941.80723020619, "cy": 526.9171854652719, "fx": 1246.5140152959943, "fy": 1246.7661001216577, "k1": -0.1293308990160469, "k2": 0.12409356149371252, "k3": -0.01770275108723196, "k4": 0.0, "k5": 0.0, "k6": 0.0, "p1": 3.59880414081084e-05, "p2": -2.5663681833187812e-05, "p3": 0.0, "p4": 0.0}, "MountingLocation": "Exocentric", "Type": "OptiTrack Color Camera"}, {"Camera": {"DistortionModel": "OpenCV", "ImageSizeX": 1920, "ImageSizeY": 1080, "ModelViewMatrix": [[-0.026060942917473184, 0.0005314541764417369, -0.9996602146783231, 71.10138728386578], [0.9981878844477009, -0.05424271437333883, -0.026051396876867805, -107.93559750862016], [-0.05423812861885896, -0.998527638823218, 0.0008831251629088932, 1216.816575072619], [0.0, 0.0, 0.0, 1.0]], "SerialNo": "C10115_rgb", "cx": 945.13045560121, "cy": 516.683100784817, "fx": 1248.385445917262, "fy": 1248.2803660495927, "k1": -0.13255917549686003, "k2": 0.12626644917991217, "k3": -0.020794488942436243, "k4": 0.0, "k5": 0.0, "k6": 0.0, "p1": -0.0004407849319758441, "p2": -0.0001360851847975698, "p3": 0.0, "p4": 0.0}, "MountingLocation": "Exocentric", "Type": "OptiTrack Color Camera"}, {"Camera": {"DistortionModel": "OpenCV", "ImageSizeX": 1920, "ImageSizeY": 1080, "ModelViewMatrix": [[0.9830251610684161, 0.017844514983480882, 0.18260094740011304, -139.7527407087445], [0.07839173472589413, -0.9406884207069137, -0.3300909436422006, 336.94727132984315], [0.1658802840396639, 0.33880210807038635, -0.926119248765505, 932.5311208010504], [0.0, 0.0, 0.0, 1.0]], "SerialNo": "C10395_rgb", "cx": 947.9131392979185, "cy": 521.2478919497951, "fx": 1243.2409577787412, "fy": 1242.5037791599418, "k1": -0.12429261119666611, "k2": 0.11843536773800249, "k3": -0.016024343944038767, "k4": 0.0, "k5": 0.0, "k6": 0.0, "p1": 0.00014849760742716207, "p2": 0.00019309828134323322, "p3": 0.0, "p4": 0.0}, "MountingLocation": "Exocentric", "Type": "OptiTrack Color Camera"}, {"Camera": {"DistortionModel": "OVFishEye62", "ImageSizeX": 636, "ImageSizeY": 480, "ModelViewMatrix": [[0.5838446079040327, 0.8115201805067438, -0.02367425715177962, 129.77545816947094], [0.20373289881289042, -0.11822286070434407, 0.9718622644943976, -16.394394242574883], [0.7858870019046524, -0.572239767787231, -0.23435713857301987, -117.70390397450055], [0.0, 0.0, 0.0, 1.0]], "SerialNo": "84358933_mono10bit", "cx": 320.632941993835, "cy": 237.46681476407363, "fx": 193.2580505425811, "fy": 193.11553740593757, "k1": 0.24835153649784214, "k2": 0.18957805450556645, "k3": -0.4806999091829884, "k4": 0.3809968136908867, "k5": -0.1455677542473366, "k6": 0.022636970913604285, "p1": 0.00026638350303759983, "p2": -0.0008491656014045921, "p3": 0.0, "p4": 0.0}, "MountingLocation": "Exocentric", "ParentName": "cx3-02", "Type": "CX3"}, {"Camera": {"DistortionModel": "OVFishEye62", "ImageSizeX": 636, "ImageSizeY": 480, "ModelViewMatrix": [[0.5376627859617833, 0.4684628700932934, 0.7010429857974245, 60.505433890580534], [0.6142528769423352, -0.78719484843863, 0.054933357441061814, -90.21518891106753], [0.5775916652444686, 0.40108204888231674, -0.7110000410017467, 12.881945760699699], [0.0, 0.0, 0.0, 1.0]], "SerialNo": "84346135_mono10bit", "cx": 321.24326436338004, "cy": 237.78297606313146, "fx": 191.05943427124458, "fy": 191.2335143314122, "k1": 0.2694108486792186, "k2": 0.09622548083940813, "k3": -0.3287658066558881, "k4": 0.2606949451501514, "k5": -0.09798853192985546, "k6": 0.015073445088922445, "p1": 0.0011414513976196084, "p2": -0.0006922976804792407, "p3": 0.0, "p4": 0.0}, "MountingLocation": "Exocentric", "ParentName": "cx3-02", "Type": "CX3"}, {"Camera": {"DistortionModel": "OVFishEye62", "ImageSizeX": 636, "ImageSizeY": 480, "ModelViewMatrix": [[0.39553658970487904, 0.509203114311904, -0.7643709796817852, 138.9208152563455], [-0.6115376164093262, 0.7669447320481493, 0.1944672766816884, 72.99089777330565], [0.6852536391154986, 0.3905226835391903, 0.6147515626009546, -51.863683343023474], [0.0, 0.0, 0.0, 1.0]], "SerialNo": "84347414_mono10bit", "cx": 319.9404816107614, "cy": 238.254101318073, "fx": 192.13749887550918, "fy": 192.10808871425513, "k1": 0.2581006164853061, "k2": 0.15929213651273685, "k3": -0.4458973249745938, "k4": 0.3663323260556241, "k5": -0.14388544768243816, "k6": 0.02276503310643023, "p1": 0.0007237771787408128, "p2": -0.0009705127993668235, "p3": 0.0, "p4": 0.0}, "MountingLocation": "Exocentric", "ParentName": "cx3-02", "Type": "CX3"}, {"Camera": {"DistortionModel": "OVFishEye62", "ImageSizeX": 636, "ImageSizeY": 480, "ModelViewMatrix": [[0.5794912057007787, 0.814734101833833, -0.019957099600772576, 131.2530460705887], [-0.07656537633117194, 0.07880513385404186, 0.9939454180313487, -87.87955492591969], [0.811373949337002, -0.5744546058543389, 0.10804730514923677, -137.11682975219912], [0.0, 0.0, 0.0, 1.0]], "SerialNo": "84355350_mono10bit", "cx": 320.9516260377661, "cy": 237.90422398912858, "fx": 191.55053072058965, "fy": 191.60057503588337, "k1": 0.2690264186508369, "k2": 0.1257729474063267, "k3": -0.3947234007803609, "k4": 0.32135574060821287, "k5": -0.12389824935193162, "k6": 0.019321415601963363, "p1": 0.0007996064311313012, "p2": 1.5557389546861392e-05, "p3": 0.0, "p4": 0.0}, "MountingLocation": "Exocentric", "ParentName": "cx3-02", "Type": "CX3"}]