[{"Camera": {"DistortionModel": "OpenCV", "ImageSizeX": 1920, "ImageSizeY": 1080, "ModelViewMatrix": [[0.9884245836219959, 0.013052736130935393, 0.15115048319863303, -130.83483049178716], [0.06194302658737441, -0.9441880952706467, -0.32353037292715586, 333.78326980444785], [0.13849153024239388, 0.32914809254906047, -0.934067250909931, 935.9471130532198], [0.0, 0.0, 0.0, 1.0]], "SerialNo": "C10395_rgb", "cx": 946.2498058037395, "cy": 523.1417205804358, "fx": 1244.2765139877542, "fy": 1244.3893663540155, "k1": -0.1241084531372975, "k2": 0.11853044551762255, "k3": -0.01694642140703265, "k4": 0.0, "k5": 0.0, "k6": 0.0, "p1": 0.0005154499937867184, "p2": -0.0007537143817524807, "p3": 0.0, "p4": 0.0}, "MountingLocation": "Exocentric", "Type": "OptiTrack Color Camera"}, {"Camera": {"DistortionModel": "OpenCV", "ImageSizeX": 1920, "ImageSizeY": 1080, "ModelViewMatrix": [[-0.959259219882943, -0.036170946725134, 0.280202447674134, 200.71114789527482], [0.11959818404133532, -0.9505144216823396, 0.2867378742822497, 225.82413194695042], [0.255964887130214, 0.30856765350064785, 0.916115702173869, 738.7843358347624], [0.0, 0.0, 0.0, 1.0]], "SerialNo": "C10379_rgb", "cx": 954.0940580326255, "cy": 528.5195659023867, "fx": 1251.5894650363743, "fy": 1250.979234957938, "k1": -0.13270136045791506, "k2": 0.12730881295269156, "k3": -0.021044892550072372, "k4": 0.0, "k5": 0.0, "k6": 0.0, "p1": 2.3212176818404056e-05, "p2": 0.0004375126045546891, "p3": 0.0, "p4": 0.0}, "MountingLocation": "Exocentric", "Type": "OptiTrack Color Camera"}, {"Camera": {"DistortionModel": "OpenCV", "ImageSizeX": 1920, "ImageSizeY": 1080, "ModelViewMatrix": [[-0.9965875610539248, -0.06542718702341256, -0.05032411301547124, 285.9005007827187], [0.07879170501144488, -0.5723590857740533, -0.8162088851227239, 30.892575973138126], [0.024598788059170266, -0.8173887448026759, 0.5755610649582945, 1175.7489115149856], [0.0, 0.0, 0.0, 1.0]], "SerialNo": "C10404_rgb", "cx": 980.1937354395029, "cy": 522.5911961975393, "fx": 1246.9312052671744, "fy": 1247.0034765460014, "k1": -0.12601225133177946, "k2": 0.12116515964310866, "k3": -0.015021417318423647, "k4": 0.0, "k5": 0.0, "k6": 0.0, "p1": 2.485992437595581e-05, "p2": -0.00011741276696332981, "p3": 0.0, "p4": 0.0}, "MountingLocation": "Exocentric", "Type": "OptiTrack Color Camera"}, {"Camera": {"DistortionModel": "OpenCV", "ImageSizeX": 1920, "ImageSizeY": 1080, "ModelViewMatrix": [[-0.6662366884467483, 0.08537216624874117, -0.7408375450782086, 146.23893816993305], [0.45487555708381017, -0.7406961522567697, -0.4944263722736773, 97.0010982981194], [-0.590945769538291, -0.6663938799704068, 0.4546452399429517, 991.6788269163399], [0.0, 0.0, 0.0, 1.0]], "SerialNo": "C10119_rgb", "cx": 953.6264921941697, "cy": 514.651976282349, "fx": 1243.5201061037633, "fy": 1243.2299353531953, "k1": -0.13033253094787056, "k2": 0.12409149682588615, "k3": -0.019226080214597773, "k4": 0.0, "k5": 0.0, "k6": 0.0, "p1": -0.0002393154635884959, "p2": -0.00018272154629713744, "p3": 0.0, "p4": 0.0}, "MountingLocation": "Exocentric", "Type": "OptiTrack Color Camera"}, {"Camera": {"DistortionModel": "OpenCV", "ImageSizeX": 1920, "ImageSizeY": 1080, "ModelViewMatrix": [[-0.05449692771464276, -0.0027295571217385572, -0.9985102074528753, 68.74301774476079], [0.9966350957400614, -0.06146515800021701, -0.05422656444222618, -98.65967408260022], [-0.06122557316075983, -0.9981054973648464, 0.0060700346958588725, 1213.8884693590696], [0.0, 0.0, 0.0, 1.0]], "SerialNo": "C10115_rgb", "cx": 945.9394331003276, "cy": 514.6284687194429, "fx": 1247.221713966522, "fy": 1247.2464825799475, "k1": -0.1313857168510326, "k2": 0.12600340772013838, "k3": -0.018933618693160865, "k4": 0.0, "k5": 0.0, "k6": 0.0, "p1": -0.0006247240281802252, "p2": 0.00016941990666576105, "p3": 0.0, "p4": 0.0}, "MountingLocation": "Exocentric", "Type": "OptiTrack Color Camera"}, {"Camera": {"DistortionModel": "OpenCV", "ImageSizeX": 1920, "ImageSizeY": 1080, "ModelViewMatrix": [[0.9954022085818712, -0.09374993621631376, -0.01963141894438413, -114.08791549742881], [-0.04486507672203725, -0.6374325536917842, 0.7691988458030188, -8.136547183002769], [-0.08462604824200723, -0.7647814648338489, -0.6387078698478152, 1322.724754776833], [0.0, 0.0, 0.0, 1.0]], "SerialNo": "C10390_rgb", "cx": 938.9534196375369, "cy": 528.2847163478764, "fx": 1245.7272163125224, "fy": 1246.3452691504303, "k1": -0.12922040257474635, "k2": 0.1254901994202611, "k3": -0.016051659128549545, "k4": 0.0, "k5": 0.0, "k6": 0.0, "p1": 0.0002761099292137805, "p2": -0.00047438828160321895, "p3": 0.0, "p4": 0.0}, "MountingLocation": "Exocentric", "Type": "OptiTrack Color Camera"}, {"Camera": {"DistortionModel": "OpenCV", "ImageSizeX": 1920, "ImageSizeY": 1080, "ModelViewMatrix": [[-0.008390511461103145, -0.014721823945974079, -0.9998564233014284, 114.9128688724177], [-0.018874009027191198, -0.9997111656879203, 0.014878070511386829, 198.098893589288], [-0.9997866627939498, 0.01899613378043115, 0.008110228155443933, 739.4093819341242], [0.0, 0.0, 0.0, 1.0]], "SerialNo": "C10118_rgb", "cx": 954.3588630950379, "cy": 520.2438328021865, "fx": 1247.037759866353, "fy": 1246.7240387140098, "k1": -0.12733461021238515, "k2": 0.12025010948533263, "k3": -0.019796948865683305, "k4": 0.0, "k5": 0.0, "k6": 0.0, "p1": 8.428371007210352e-06, "p2": -0.00026062894271376187, "p3": 0.0, "p4": 0.0}, "MountingLocation": "Exocentric", "Type": "OptiTrack Color Camera"}, {"Camera": {"DistortionModel": "OpenCV", "ImageSizeX": 1920, "ImageSizeY": 1080, "ModelViewMatrix": [[0.648751963563867, -0.005908711350933349, -0.7609769884183084, -22.59169240100778], [0.5093247550566589, -0.7396133660950013, 0.43995495517165845, -41.46104240959315], [-0.565428318762424, -0.6730060592771754, -0.4768161705706986, 1127.492217033196], [0.0, 0.0, 0.0, 1.0]], "SerialNo": "C10095_rgb", "cx": 958.57285788555, "cy": 530.3828742629607, "fx": 1190.7527180168631, "fy": 1190.7349071034373, "k1": -0.12996896250389747, "k2": 0.12122090611206708, "k3": 0.007410569439245528, "k4": 0.0, "k5": 0.0, "k6": 0.0, "p1": -0.00028841654823337894, "p2": 7.745059239812142e-06, "p3": 0.0, "p4": 0.0}, "MountingLocation": "Exocentric", "Type": "OptiTrack Color Camera"}, {"Camera": {"DistortionModel": "OVFishEye62", "ImageSizeX": 636, "ImageSizeY": 480, "ModelViewMatrix": [[0.5835956884732205, 0.8115889083848888, -0.027194046813452166, 129.92080368067852], [0.20899444482939228, -0.11775449295600504, 0.9708013192302165, -17.457388078008808], [0.7846893617387214, -0.5722388689833109, -0.23833858772506722, -117.59956771103589], [0.0, 0.0, 0.0, 1.0]], "SerialNo": "84358933_mono10bit", "cx": 320.632941993835, "cy": 237.46681476407363, "fx": 193.2580505425811, "fy": 193.11553740593757, "k1": 0.24835153649784214, "k2": 0.18957805450556645, "k3": -0.4806999091829884, "k4": 0.3809968136908867, "k5": -0.1455677542473366, "k6": 0.022636970913604285, "p1": 0.00026638350303759983, "p2": -0.0008491656014045921, "p3": 0.0, "p4": 0.0}, "MountingLocation": "Exocentric", "ParentName": "cx3-02", "Type": "CX3"}, {"Camera": {"DistortionModel": "OVFishEye62", "ImageSizeX": 636, "ImageSizeY": 480, "ModelViewMatrix": [[0.5397629696806, 0.4697663043135086, 0.6985524718252795, 60.45803314467815], [0.615191256238592, -0.7865540429569828, 0.05359529602127466, -90.63460248035658], [0.57462653507227, 0.40081461654941325, -0.7135488689299314, 13.51877420438421], [0.0, 0.0, 0.0, 1.0]], "SerialNo": "84346135_mono10bit", "cx": 321.24326436338004, "cy": 237.78297606313146, "fx": 191.05943427124458, "fy": 191.2335143314122, "k1": 0.2694108486792186, "k2": 0.09622548083940813, "k3": -0.3287658066558881, "k4": 0.2606949451501514, "k5": -0.09798853192985546, "k6": 0.015073445088922445, "p1": 0.0011414513976196084, "p2": -0.0006922976804792407, "p3": 0.0, "p4": 0.0}, "MountingLocation": "Exocentric", "ParentName": "cx3-02", "Type": "CX3"}, {"Camera": {"DistortionModel": "OVFishEye62", "ImageSizeX": 636, "ImageSizeY": 480, "ModelViewMatrix": [[0.39792194594814356, 0.5057360491729271, -0.7654339772310877, 137.77827797301018], [-0.6082035985904496, 0.770058727956955, 0.1926082504955166, 74.12836583499471], [0.6868380504853163, 0.3888966495925044, 0.6140137525668745, -53.09812370414611], [0.0, 0.0, 0.0, 1.0]], "SerialNo": "84347414_mono10bit", "cx": 319.9404816107614, "cy": 238.254101318073, "fx": 192.13749887550918, "fy": 192.10808871425513, "k1": 0.2581006164853061, "k2": 0.15929213651273685, "k3": -0.4458973249745938, "k4": 0.3663323260556241, "k5": -0.14388544768243816, "k6": 0.02276503310643023, "p1": 0.0007237771787408128, "p2": -0.0009705127993668235, "p3": 0.0, "p4": 0.0}, "MountingLocation": "Exocentric", "ParentName": "cx3-02", "Type": "CX3"}, {"Camera": {"DistortionModel": "OVFishEye62", "ImageSizeX": 636, "ImageSizeY": 480, "ModelViewMatrix": [[0.5842078680063132, 0.8112795198038215, -0.022950113428892138, 130.1657261320146], [-0.07248769653034615, 0.08032160524237775, 0.9941297569145651, -89.52632883699664], [0.8083605017634414, -0.579114824951122, 0.10573229738631851, -137.77510258600952], [0.0, 0.0, 0.0, 1.0]], "SerialNo": "84355350_mono10bit", "cx": 320.9516260377661, "cy": 237.90422398912858, "fx": 191.55053072058965, "fy": 191.60057503588337, "k1": 0.2690264186508369, "k2": 0.1257729474063267, "k3": -0.3947234007803609, "k4": 0.32135574060821287, "k5": -0.12389824935193162, "k6": 0.019321415601963363, "p1": 0.0007996064311313012, "p2": 1.5557389546861392e-05, "p3": 0.0, "p4": 0.0}, "MountingLocation": "Exocentric", "ParentName": "cx3-02", "Type": "CX3"}]