[{"Camera": {"DistortionModel": "OpenCV", "ImageSizeX": 1920, "ImageSizeY": 1080, "ModelViewMatrix": [[0.9750338186212065, 0.023159652822240175, 0.22084538262345754, -30.65647965729745], [0.09279710377450706, -0.9460360419152591, -0.31049074853910474, 321.5131240091501], [0.20173683371167356, 0.32323279208406985, -0.924566283208254, 950.7142292846726], [0.0, 0.0, 0.0, 1.0]], "SerialNo": "C10395_rgb", "cx": 949.3711289473941, "cy": 525.4664177201538, "fx": 1243.692713058716, "fy": 1242.768305638772, "k1": -0.1258213498788581, "k2": 0.11880017472203129, "k3": -0.018099041339168176, "k4": 0.0, "k5": 0.0, "k6": 0.0, "p1": 0.0007851743751278479, "p2": -6.118082148036199e-05, "p3": 0.0, "p4": 0.0}, "MountingLocation": "Exocentric", "Type": "OptiTrack Color Camera"}, {"Camera": {"DistortionModel": "OpenCV", "ImageSizeX": 1920, "ImageSizeY": 1080, "ModelViewMatrix": [[0.02369324446583354, 0.007353725172042025, -0.9996922290849202, 29.14008358948307], [0.9973324781206842, -0.06923165025282385, 0.023128049829723052, 24.908900298159626], [-0.06904026544225972, -0.9975735067298876, -0.008974431363464541, 1210.4122235293216], [0.0, 0.0, 0.0, 1.0]], "SerialNo": "C10115_rgb", "cx": 944.7314584698964, "cy": 516.1783731426776, "fx": 1248.52363146992, "fy": 1248.3941272321924, "k1": -0.1322579706774301, "k2": 0.1259221712711525, "k3": -0.02072134379734636, "k4": 0.0, "k5": 0.0, "k6": 0.0, "p1": -0.00038131648689934894, "p2": -0.00015391600524619495, "p3": 0.0, "p4": 0.0}, "MountingLocation": "Exocentric", "Type": "OptiTrack Color Camera"}, {"Camera": {"DistortionModel": "OpenCV", "ImageSizeX": 1920, "ImageSizeY": 1080, "ModelViewMatrix": [[-0.9895369211662213, -0.06496514076641986, -0.1288262866579456, 168.72518798013803], [0.14308609905997732, -0.5564968449997849, -0.8184360877680579, 4.161524464722314], [-0.018521606428014738, -0.828305977275599, 0.5599697832069519, 1196.4532546461137], [0.0, 0.0, 0.0, 1.0]], "SerialNo": "C10404_rgb", "cx": 982.2866247695908, "cy": 523.3099825471334, "fx": 1246.6910786068754, "fy": 1247.079564286321, "k1": -0.12669285994578858, "k2": 0.12278923713672606, "k3": -0.014395496627699407, "k4": 0.0, "k5": 0.0, "k6": 0.0, "p1": 0.00014203379471930248, "p2": 0.0002377944827756667, "p3": 0.0, "p4": 0.0}, "MountingLocation": "Exocentric", "Type": "OptiTrack Color Camera"}, {"Camera": {"DistortionModel": "OpenCV", "ImageSizeX": 1920, "ImageSizeY": 1080, "ModelViewMatrix": [[0.06808083504518703, -0.007337158969781678, -0.9976528283916217, 92.39498612311387], [-0.021604314481196152, -0.9997493183056276, 0.005878277233308784, 189.99306667433356], [-0.9974458649447338, 0.021153407424956635, -0.06822228271588582, 625.2910441900596], [0.0, 0.0, 0.0, 1.0]], "SerialNo": "C10118_rgb", "cx": 954.4648034719916, "cy": 521.2683494457865, "fx": 1247.9700378226148, "fy": 1247.5330205465225, "k1": -0.12659715172994462, "k2": 0.1207526261964698, "k3": -0.018511755280425462, "k4": 0.0, "k5": 0.0, "k6": 0.0, "p1": 7.7533559593982e-05, "p2": -0.0001006023587229941, "p3": 0.0, "p4": 0.0}, "MountingLocation": "Exocentric", "Type": "OptiTrack Color Camera"}, {"Camera": {"DistortionModel": "OpenCV", "ImageSizeX": 1920, "ImageSizeY": 1080, "ModelViewMatrix": [[0.6935308655724686, -0.0023578391767515583, -0.7204230556365608, 45.482378037036106], [0.4897511068119649, -0.7318442911859644, 0.4738647347450216, 7.660069724414076], [-0.528354797342428, -0.6814678085228464, -0.5064018503839731, 1055.8276662599633], [0.0, 0.0, 0.0, 1.0]], "SerialNo": "C10095_rgb", "cx": 957.0767441205021, "cy": 530.1106073463319, "fx": 1192.0325404663538, "fy": 1192.018372669545, "k1": -0.12990730706004805, "k2": 0.12147545556846488, "k3": 0.006223405007133954, "k4": 0.0, "k5": 0.0, "k6": 0.0, "p1": 1.5507796223905496e-05, "p2": -0.00028993702930869066, "p3": 0.0, "p4": 0.0}, "MountingLocation": "Exocentric", "Type": "OptiTrack Color Camera"}, {"Camera": {"DistortionModel": "OpenCV", "ImageSizeX": 1920, "ImageSizeY": 1080, "ModelViewMatrix": [[0.99542698876699, -0.0790657362759735, 0.053607083313877174, -19.529108444583073], [-0.09173252157566726, -0.6346302425671855, 0.767352330878382, -15.667138275234395], [-0.02665060073717852, -0.7687607329762974, -0.6389809706979495, 1300.0033198001124], [0.0, 0.0, 0.0, 1.0]], "SerialNo": "C10390_rgb", "cx": 942.2105641483405, "cy": 527.1684119462044, "fx": 1245.4831418181993, "fy": 1245.6864892792516, "k1": -0.1294841903022438, "k2": 0.12397145474147384, "k3": -0.017374097010681204, "k4": 0.0, "k5": 0.0, "k6": 0.0, "p1": 0.00025709499570238033, "p2": 0.00016550666378406647, "p3": 0.0, "p4": 0.0}, "MountingLocation": "Exocentric", "Type": "OptiTrack Color Camera"}, {"Camera": {"DistortionModel": "OpenCV", "ImageSizeX": 1920, "ImageSizeY": 1080, "ModelViewMatrix": [[-0.5928154304792626, 0.09162993404004766, -0.800108630483076, 42.15348513560225], [0.5076323589000808, -0.7287668311745883, -0.45957403536023334, 131.67294797532446], [-0.6252033697791675, -0.6786036110776055, 0.3855099031791632, 935.9009022775252], [0.0, 0.0, 0.0, 1.0]], "SerialNo": "C10119_rgb", "cx": 954.1106701372861, "cy": 514.255813852296, "fx": 1244.2814144357874, "fy": 1244.23350394533, "k1": -0.12994544227195207, "k2": 0.1245785057762659, "k3": -0.018072062675691596, "k4": 0.0, "k5": 0.0, "k6": 0.0, "p1": 1.4640984540825872e-05, "p2": -0.000145321796284765, "p3": 0.0, "p4": 0.0}, "MountingLocation": "Exocentric", "Type": "OptiTrack Color Camera"}, {"Camera": {"DistortionModel": "OpenCV", "ImageSizeX": 1920, "ImageSizeY": 1080, "ModelViewMatrix": [[-0.9790937306335257, -0.047609353350598946, 0.1977594905628144, 104.13065091027454], [0.10263954709509697, -0.95500924747388, 0.2782489184372284, 244.91090925484067], [0.17561489118591123, 0.29272971614257376, 0.9399301693641122, 803.2289260047155], [0.0, 0.0, 0.0, 1.0]], "SerialNo": "C10379_rgb", "cx": 954.9046466116941, "cy": 528.5606096228529, "fx": 1250.3503499250755, "fy": 1249.9375232213306, "k1": -0.13156031191739614, "k2": 0.12632081463116954, "k3": -0.020271348580030095, "k4": 0.0, "k5": 0.0, "k6": 0.0, "p1": 0.00013643232401804064, "p2": 0.00033642762459812673, "p3": 0.0, "p4": 0.0}, "MountingLocation": "Exocentric", "Type": "OptiTrack Color Camera"}, {"Camera": {"DistortionModel": "OVFishEye62", "ImageSizeX": 636, "ImageSizeY": 480, "ModelViewMatrix": [[-0.372239383899708, 0.9276574862323863, 0.029823301476800734, 122.04082304110547], [-0.08758595357733506, -0.0031201145414665454, -0.9961520795647607, -40.42136714487363], [-0.9239948819175976, -0.37341913866626925, 0.08241119503942895, -102.33934314400837], [0.0, 0.0, 0.0, 1.0]], "SerialNo": "21179183_mono10bit", "cx": 311.9061331930199, "cy": 237.83958605930255, "fx": 191.65582141949048, "fy": 191.46509996658165, "k1": 0.26209560337142696, "k2": 0.12776166536669387, "k3": -0.3790254654443724, "k4": 0.30770522737377903, "k5": -0.12044725286308956, "k6": 0.01926736381541895, "p1": -0.000759836975732014, "p2": -0.000237382316714647, "p3": 0.0, "p4": 0.0}, "MountingLocation": "Exocentric", "ParentName": "cx3-01", "Type": "CX3"}, {"Camera": {"DistortionModel": "OVFishEye62", "ImageSizeX": 636, "ImageSizeY": 480, "ModelViewMatrix": [[-0.3815060977266156, 0.5320613149253219, 0.7558861386196651, 151.89556784824043], [0.7959600463257972, 0.6048719485580959, -0.024031864275727066, 57.682906941916116], [-0.47000074686158205, 0.5924868631518083, -0.6542618855948172, -68.29788913032026], [0.0, 0.0, 0.0, 1.0]], "SerialNo": "21176623_mono10bit", "cx": 308.88033210153185, "cy": 231.8170608170117, "fx": 193.2612684274341, "fy": 193.0179574270989, "k1": 0.25749791369047736, "k2": 0.1416037675880224, "k3": -0.4016739708988609, "k4": 0.3257701664292359, "k5": -0.12819693830906345, "k6": 0.020681140883091236, "p1": -0.00033744551256492206, "p2": -0.0002662792083775234, "p3": 0.0, "p4": 0.0}, "MountingLocation": "Exocentric", "ParentName": "cx3-01", "Type": "CX3"}, {"Camera": {"DistortionModel": "OVFishEye62", "ImageSizeX": 636, "ImageSizeY": 480, "ModelViewMatrix": [[-0.37575535472592847, 0.9260284884894106, 0.03576523312952329, 121.94463780893929], [0.23578040864388256, 0.1328537023891163, -0.9626824464283266, -113.02655202289807], [-0.8962229143993783, -0.35330034286357787, -0.2682598654997854, -131.41628632176054], [0.0, 0.0, 0.0, 1.0]], "SerialNo": "21110305_mono10bit", "cx": 313.04244009495375, "cy": 233.64238350799002, "fx": 189.9412860195803, "fy": 189.88541028870918, "k1": 0.2774912784595329, "k2": 0.09352849424015451, "k3": -0.3472595589219733, "k4": 0.29335149281396006, "k5": -0.11752798759011007, "k6": 0.019042334382489572, "p1": -0.00014784366148412395, "p2": -0.0002644904974445701, "p3": 0.0, "p4": 0.0}, "MountingLocation": "Exocentric", "ParentName": "cx3-01", "Type": "CX3"}, {"Camera": {"DistortionModel": "OVFishEye62", "ImageSizeX": 636, "ImageSizeY": 480, "ModelViewMatrix": [[-0.2856607573350991, 0.6254857919509603, -0.7260616060543469, 34.45887121318747], [-0.7576627619953175, -0.6113214628868675, -0.22854585557276505, -80.91614922373518], [-0.5868092286291725, 0.4848232596331783, 0.6485378447818564, 29.143243422812265], [0.0, 0.0, 0.0, 1.0]], "SerialNo": "21176875_mono10bit", "cx": 314.95205120780236, "cy": 237.23118908958966, "fx": 190.0589014804568, "fy": 190.14357426253937, "k1": 0.25593554171046895, "k2": 0.165084791633286, "k3": -0.4490791437823655, "k4": 0.3699445543375956, "k5": -0.14673738359370203, "k6": 0.023514977455980253, "p1": -5.220397928174726e-05, "p2": -0.00048082467060351676, "p3": 0.0, "p4": 0.0}, "MountingLocation": "Exocentric", "ParentName": "cx3-01", "Type": "CX3"}]