[{"Camera": {"DistortionModel": "OpenCV", "ImageSizeX": 1920, "ImageSizeY": 1080, "ModelViewMatrix": [[-0.9885680773756165, -0.06765754269477797, -0.13474276719134864, 214.42485097976714], [0.14942274135814745, -0.5590511702199561, -0.8155578663961951, 33.542801415137056], [-0.02014946051123595, -0.8263681056237602, 0.5627697160019398, 1170.8642880220896], [0.0, 0.0, 0.0, 1.0]], "SerialNo": "C10404_rgb", "cx": 979.3421664282197, "cy": 525.0493936763137, "fx": 1246.6882526718114, "fy": 1247.5227563194337, "k1": -0.12881779873544344, "k2": 0.12380987957422153, "k3": -0.016473296497928953, "k4": 0.0, "k5": 0.0, "k6": 0.0, "p1": 0.00018248593584529955, "p2": -3.485365703298517e-05, "p3": 0.0, "p4": 0.0}, "MountingLocation": "Exocentric", "Type": "OptiTrack Color Camera"}, {"Camera": {"DistortionModel": "OpenCV", "ImageSizeX": 1920, "ImageSizeY": 1080, "ModelViewMatrix": [[-0.9808425258666857, -0.047772087937768826, 0.18885382459862043, 132.79993715321447], [0.10119866637097549, -0.9533386242497888, 0.28443680746038524, 228.06251762759192], [0.16645350514842394, 0.29809947186733887, 0.9399095358044929, 754.6258950210091], [0.0, 0.0, 0.0, 1.0]], "SerialNo": "C10379_rgb", "cx": 954.0458840329862, "cy": 528.5650880969137, "fx": 1250.7730695629307, "fy": 1250.5872647821084, "k1": -0.12993396737557558, "k2": 0.12471980919796408, "k3": -0.019779713109725344, "k4": 0.0, "k5": 0.0, "k6": 0.0, "p1": 8.65456676410613e-05, "p2": 0.000169412070772355, "p3": 0.0, "p4": 0.0}, "MountingLocation": "Exocentric", "Type": "OptiTrack Color Camera"}, {"Camera": {"DistortionModel": "OpenCV", "ImageSizeX": 1920, "ImageSizeY": 1080, "ModelViewMatrix": [[0.9951313853880259, -0.07702838826306528, 0.06148295062293899, -62.02222916383397], [-0.09645003687524138, -0.6328181016951007, 0.7682699008511102, -46.06165870122677], [-0.020271068113764154, -0.7704595236406677, -0.6371665451268791, 1329.5830811887113], [0.0, 0.0, 0.0, 1.0]], "SerialNo": "C10390_rgb", "cx": 944.6526752997969, "cy": 526.955709456213, "fx": 1246.6791357794173, "fy": 1246.9147297410084, "k1": -0.1283305507821774, "k2": 0.12226779751900625, "k3": -0.01777568250199391, "k4": 0.0, "k5": 0.0, "k6": 0.0, "p1": 2.3071610102513994e-05, "p2": 0.0005423585846148877, "p3": 0.0, "p4": 0.0}, "MountingLocation": "Exocentric", "Type": "OptiTrack Color Camera"}, {"Camera": {"DistortionModel": "OpenCV", "ImageSizeX": 1920, "ImageSizeY": 1080, "ModelViewMatrix": [[0.03087693802480418, 0.003988350213644631, -0.9995152363825104, 71.73585901951346], [0.9973889122100481, -0.06543735064387368, 0.03055013815300145, -15.480090027877827], [-0.06528378434702736, -0.9978487090753206, -0.005998441301438007, 1212.660120646459], [0.0, 0.0, 0.0, 1.0]], "SerialNo": "C10115_rgb", "cx": 945.8581627220401, "cy": 517.3921139499881, "fx": 1248.09457016403, "fy": 1248.2247459738155, "k1": -0.1322092514409467, "k2": 0.12644638119959328, "k3": -0.01983158282232143, "k4": 0.0, "k5": 0.0, "k6": 0.0, "p1": -0.00023208766301840078, "p2": 2.1214505498238036e-05, "p3": 0.0, "p4": 0.0}, "MountingLocation": "Exocentric", "Type": "OptiTrack Color Camera"}, {"Camera": {"DistortionModel": "OpenCV", "ImageSizeX": 1920, "ImageSizeY": 1080, "ModelViewMatrix": [[0.07371042761253865, -0.011104427870660013, -0.9972178621258456, 134.64720856552904], [-0.02002837635639317, -0.9997528186840032, 0.009652236731331486, 190.02882249803912], [-0.9970785510689233, 0.01926118415509033, -0.07391461143265499, 666.2247633297541], [0.0, 0.0, 0.0, 1.0]], "SerialNo": "C10118_rgb", "cx": 953.3684388623745, "cy": 521.3425712078924, "fx": 1248.929548567715, "fy": 1249.1899708600884, "k1": -0.12722439148002743, "k2": 0.12130576610489006, "k3": -0.018979417662892385, "k4": 0.0, "k5": 0.0, "k6": 0.0, "p1": 0.00016191722507239383, "p2": -0.00015597087085575826, "p3": 0.0, "p4": 0.0}, "MountingLocation": "Exocentric", "Type": "OptiTrack Color Camera"}, {"Camera": {"DistortionModel": "OpenCV", "ImageSizeX": 1920, "ImageSizeY": 1080, "ModelViewMatrix": [[-0.5878721718946172, 0.08727348080260136, -0.804232335249276, 101.70139917110431], [0.5119638895788745, -0.7295996719072599, -0.4534063238642453, 131.32185904841432], [-0.6263379960366253, -0.6782828748401487, 0.3842304730489339, 941.8507009253761], [0.0, 0.0, 0.0, 1.0]], "SerialNo": "C10119_rgb", "cx": 952.359239177755, "cy": 515.7410714700567, "fx": 1244.0563635871283, "fy": 1244.243214681669, "k1": -0.13009066107415168, "k2": 0.12390684741504275, "k3": -0.019412870914510223, "k4": 0.0, "k5": 0.0, "k6": 0.0, "p1": -0.00011005238260155751, "p2": -0.0005658315738164431, "p3": 0.0, "p4": 0.0}, "MountingLocation": "Exocentric", "Type": "OptiTrack Color Camera"}, {"Camera": {"DistortionModel": "OpenCV", "ImageSizeX": 1920, "ImageSizeY": 1080, "ModelViewMatrix": [[0.6990971099210141, -0.002977671026996448, -0.7150205342333467, 50.295327951051384], [0.48784657464877923, -0.7291007253255548, 0.48001859540355685, -33.374474698535124], [-0.5227513275961513, -0.6843999311842496, -0.5082595633054596, 1098.4992491280514], [0.0, 0.0, 0.0, 1.0]], "SerialNo": "C10095_rgb", "cx": 957.764279810051, "cy": 531.5327039891163, "fx": 1192.4516548026827, "fy": 1193.0107408848112, "k1": -0.13021355860124997, "k2": 0.12184600483666741, "k3": 0.0063176410141810215, "k4": 0.0, "k5": 0.0, "k6": 0.0, "p1": 9.940237079864727e-05, "p2": -5.502123119312525e-05, "p3": 0.0, "p4": 0.0}, "MountingLocation": "Exocentric", "Type": "OptiTrack Color Camera"}, {"Camera": {"DistortionModel": "OpenCV", "ImageSizeX": 1920, "ImageSizeY": 1080, "ModelViewMatrix": [[0.9723569699975798, 0.024784178745738024, 0.23218024761168835, -82.03604063261749], [0.0976747403030401, -0.9463468602017897, -0.308037766017332, 334.215754660712], [0.2120885852747839, 0.32220081419840363, -0.9226077537751496, 983.7433087906976], [0.0, 0.0, 0.0, 1.0]], "SerialNo": "C10395_rgb", "cx": 954.7720174718745, "cy": 521.7764093286764, "fx": 1244.1857697042235, "fy": 1243.431638850743, "k1": -0.12827054280440062, "k2": 0.12138577354716537, "k3": -0.01914411581147135, "k4": 0.0, "k5": 0.0, "k6": 0.0, "p1": 0.000131908901878235, "p2": 0.00041040074830234934, "p3": 0.0, "p4": 0.0}, "MountingLocation": "Exocentric", "Type": "OptiTrack Color Camera"}, {"Camera": {"DistortionModel": "OVFishEye62", "ImageSizeX": 636, "ImageSizeY": 480, "ModelViewMatrix": [[-0.3755049104926589, 0.9256828486728181, 0.0459056191427214, 121.25585908851025], [-0.09541071523626016, 0.010658494660386486, -0.9953809280419631, -40.238169830820276], [-0.9218963377809923, -0.37815031424626755, 0.08431774559037741, -102.78044387066198], [0.0, 0.0, 0.0, 1.0]], "SerialNo": "21179183_mono10bit", "cx": 311.9061331930199, "cy": 237.83958605930255, "fx": 191.65582141949048, "fy": 191.46509996658165, "k1": 0.26209560337142696, "k2": 0.12776166536669387, "k3": -0.3790254654443724, "k4": 0.30770522737377903, "k5": -0.12044725286308956, "k6": 0.01926736381541895, "p1": -0.000759836975732014, "p2": -0.000237382316714647, "p3": 0.0, "p4": 0.0}, "MountingLocation": "Exocentric", "ParentName": "cx3-01", "Type": "CX3"}, {"Camera": {"DistortionModel": "OVFishEye62", "ImageSizeX": 636, "ImageSizeY": 480, "ModelViewMatrix": [[-0.38127798707868643, 0.5232529360303874, 0.7621243084332141, 150.7496030431026], [0.794949815721563, 0.6063890925745099, -0.01862951665813284, 58.36018747505874], [-0.47189181710798755, 0.5987475539342454, -0.6471626376764037, -67.85957857676114], [0.0, 0.0, 0.0, 1.0]], "SerialNo": "21176623_mono10bit", "cx": 308.88033210153185, "cy": 231.8170608170117, "fx": 193.2612684274341, "fy": 193.0179574270989, "k1": 0.25749791369047736, "k2": 0.1416037675880224, "k3": -0.4016739708988609, "k4": 0.3257701664292359, "k5": -0.12819693830906345, "k6": 0.020681140883091236, "p1": -0.00033744551256492206, "p2": -0.0002662792083775234, "p3": 0.0, "p4": 0.0}, "MountingLocation": "Exocentric", "ParentName": "cx3-01", "Type": "CX3"}, {"Camera": {"DistortionModel": "OVFishEye62", "ImageSizeX": 636, "ImageSizeY": 480, "ModelViewMatrix": [[-0.3778932520052307, 0.9245377920696956, 0.049260137269439175, 121.89253414392711], [0.23087516910811168, 0.1456247668099364, -0.9620239516669284, -112.73150370801001], [-0.8966009961951931, -0.35216941707996763, -0.2684834357932415, -131.81836602605222], [0.0, 0.0, 0.0, 1.0]], "SerialNo": "21110305_mono10bit", "cx": 313.04244009495375, "cy": 233.64238350799002, "fx": 189.9412860195803, "fy": 189.88541028870918, "k1": 0.2774912784595329, "k2": 0.09352849424015451, "k3": -0.3472595589219733, "k4": 0.29335149281396006, "k5": -0.11752798759011007, "k6": 0.019042334382489572, "p1": -0.00014784366148412395, "p2": -0.0002644904974445701, "p3": 0.0, "p4": 0.0}, "MountingLocation": "Exocentric", "ParentName": "cx3-01", "Type": "CX3"}, {"Camera": {"DistortionModel": "OVFishEye62", "ImageSizeX": 636, "ImageSizeY": 480, "ModelViewMatrix": [[-0.29204601580607403, 0.6331724768945997, -0.7167996506381374, 35.585051987440416], [-0.7575159440180397, -0.610662568885008, -0.23078306159946188, -80.85242774936131], [-0.5838481987728116, 0.475587890369299, 0.657979816805822, 28.44855139201545], [0.0, 0.0, 0.0, 1.0]], "SerialNo": "21176875_mono10bit", "cx": 314.95205120780236, "cy": 237.23118908958966, "fx": 190.0589014804568, "fy": 190.14357426253937, "k1": 0.25593554171046895, "k2": 0.165084791633286, "k3": -0.4490791437823655, "k4": 0.3699445543375956, "k5": -0.14673738359370203, "k6": 0.023514977455980253, "p1": -5.220397928174726e-05, "p2": -0.00048082467060351676, "p3": 0.0, "p4": 0.0}, "MountingLocation": "Exocentric", "ParentName": "cx3-01", "Type": "CX3"}]