[{"Camera": {"DistortionModel": "OpenCV", "ImageSizeX": 1920, "ImageSizeY": 1080, "ModelViewMatrix": [[0.6945274759057705, -0.0021732345803628095, -0.7194628984620529, 46.32683368294028], [0.4948357019945233, -0.724471329878158, 0.4798738586505429, -13.299633273566359], [-0.5222731213106288, -0.6893015082212084, -0.5020898500472015, 1073.616044041324], [0.0, 0.0, 0.0, 1.0]], "SerialNo": "C10095_rgb", "cx": 956.3658962229673, "cy": 531.321010934518, "fx": 1190.7750489943835, "fy": 1190.3303549512325, "k1": -0.129147177979677, "k2": 0.12068921106401832, "k3": 0.003615816607693969, "k4": 0.0, "k5": 0.0, "k6": 0.0, "p1": -0.00015442046169277847, "p2": -0.0004265842205148977, "p3": 0.0, "p4": 0.0}, "MountingLocation": "Exocentric", "Type": "OptiTrack Color Camera"}, {"Camera": {"DistortionModel": "OpenCV", "ImageSizeX": 1920, "ImageSizeY": 1080, "ModelViewMatrix": [[-0.9796348559306947, -0.05307931745396732, 0.1936443521104326, 119.0955554401829], [0.10843912714635634, -0.9515429297804083, 0.2877620692319511, 236.1174620740423], [0.16898669991861667, 0.30290037775403783, 0.937920495781533, 780.327506440654], [0.0, 0.0, 0.0, 1.0]], "SerialNo": "C10379_rgb", "cx": 955.4947244166043, "cy": 527.4853090240674, "fx": 1249.4910793468832, "fy": 1249.437020468181, "k1": -0.12925456065366675, "k2": 0.12304914671374091, "k3": -0.020228811244666904, "k4": 0.0, "k5": 0.0, "k6": 0.0, "p1": -0.000134442788201337, "p2": 0.0004847066384504213, "p3": 0.0, "p4": 0.0}, "MountingLocation": "Exocentric", "Type": "OptiTrack Color Camera"}, {"Camera": {"DistortionModel": "OpenCV", "ImageSizeX": 1920, "ImageSizeY": 1080, "ModelViewMatrix": [[0.99590800261286, -0.0726933083157976, 0.05369295352062491, -39.39823971211732], [-0.08754332375796878, -0.6284938880978954, 0.7728723045167283, -31.36877682247081], [-0.022436951599338402, -0.7744101726796306, -0.6322859065748931, 1310.6520776820932], [0.0, 0.0, 0.0, 1.0]], "SerialNo": "C10390_rgb", "cx": 941.7093790920677, "cy": 528.5366125142539, "fx": 1244.6990453231326, "fy": 1245.2350087427753, "k1": -0.126609190407791, "k2": 0.11949284750797853, "k3": -0.017967251366905287, "k4": 0.0, "k5": 0.0, "k6": 0.0, "p1": 0.00039232612222208626, "p2": 0.00018075743553472146, "p3": 0.0, "p4": 0.0}, "MountingLocation": "Exocentric", "Type": "OptiTrack Color Camera"}, {"Camera": {"DistortionModel": "OpenCV", "ImageSizeX": 1920, "ImageSizeY": 1080, "ModelViewMatrix": [[0.06673541483699907, -0.014531323862522812, -0.9976648861382945, 112.14616088671055], [-0.014163378956484965, -0.9998069950702546, 0.013615113114589537, 188.21852451553872], [-0.9976701775151288, 0.01322169563220029, -0.06692834721955121, 645.0392286209213], [0.0, 0.0, 0.0, 1.0]], "SerialNo": "C10118_rgb", "cx": 951.3679270653918, "cy": 521.7879849010949, "fx": 1246.5099230459089, "fy": 1246.6307994979386, "k1": -0.12581821574127258, "k2": 0.11691786323038356, "k3": -0.020711224304909924, "k4": 0.0, "k5": 0.0, "k6": 0.0, "p1": 0.00011569609225128206, "p2": -0.0005231294375283398, "p3": 0.0, "p4": 0.0}, "MountingLocation": "Exocentric", "Type": "OptiTrack Color Camera"}, {"Camera": {"DistortionModel": "OpenCV", "ImageSizeX": 1920, "ImageSizeY": 1080, "ModelViewMatrix": [[-0.5924090605412833, 0.08031607193799742, -0.8016238728836892, 71.5274518192814], [0.5132018489431754, -0.7293912341972868, -0.45234089989460957, 129.5758305147404], [-0.6210276702610767, -0.6793657012718625, 0.39087961919942815, 938.6284813890668], [0.0, 0.0, 0.0, 1.0]], "SerialNo": "C10119_rgb", "cx": 952.0862713780164, "cy": 513.7711642088364, "fx": 1244.0587760834758, "fy": 1243.6833542786055, "k1": -0.13254336785647036, "k2": 0.12697430412543834, "k3": -0.01961077888009591, "k4": 0.0, "k5": 0.0, "k6": 0.0, "p1": -0.0003932902828171498, "p2": -0.0004125211469464758, "p3": 0.0, "p4": 0.0}, "MountingLocation": "Exocentric", "Type": "OptiTrack Color Camera"}, {"Camera": {"DistortionModel": "OpenCV", "ImageSizeX": 1920, "ImageSizeY": 1080, "ModelViewMatrix": [[0.973519796802759, 0.03173720409630496, 0.22638894652624794, -58.38952922331181], [0.10230196538502917, -0.9461020432211646, -0.3072868882511876, 326.70950914486355], [0.20443461818262373, 0.3223099031815297, -0.924295847226221, 963.876942727731], [0.0, 0.0, 0.0, 1.0]], "SerialNo": "C10395_rgb", "cx": 954.5000853519391, "cy": 522.6514067760008, "fx": 1244.5522980867363, "fy": 1244.1931906865232, "k1": -0.1277138961799105, "k2": 0.11945134216095543, "k3": -0.019983865449054835, "k4": 0.0, "k5": 0.0, "k6": 0.0, "p1": 0.0005564200847583362, "p2": 0.0006274284647838917, "p3": 0.0, "p4": 0.0}, "MountingLocation": "Exocentric", "Type": "OptiTrack Color Camera"}, {"Camera": {"DistortionModel": "OpenCV", "ImageSizeX": 1920, "ImageSizeY": 1080, "ModelViewMatrix": [[0.02549968870616315, 0.0019224326818297333, -0.9996729815937175, 47.25898533913373], [0.9975794253982828, -0.06476186566365216, 0.025321745156986986, 5.089249451986403], [-0.06469200799110403, -0.9978988951834487, -0.003569186704560412, 1210.3372309834547], [0.0, 0.0, 0.0, 1.0]], "SerialNo": "C10115_rgb", "cx": 945.5809771642487, "cy": 516.2306985650364, "fx": 1248.9864232957523, "fy": 1248.901792400779, "k1": -0.13266821176417776, "k2": 0.12678636284982103, "k3": -0.020310529634607073, "k4": 0.0, "k5": 0.0, "k6": 0.0, "p1": -0.00046500158386675506, "p2": 0.00010023930663421658, "p3": 0.0, "p4": 0.0}, "MountingLocation": "Exocentric", "Type": "OptiTrack Color Camera"}, {"Camera": {"DistortionModel": "OpenCV", "ImageSizeX": 1920, "ImageSizeY": 1080, "ModelViewMatrix": [[-0.9888577883396592, -0.07340758564983185, -0.12950521537398096, 192.40771817587643], [0.14825987206949187, -0.5638997639011971, -0.8124260376219565, 18.568573923566632], [-0.013389726432474235, -0.8225742414160788, 0.5685000726339674, 1183.7320815724254], [0.0, 0.0, 0.0, 1.0]], "SerialNo": "C10404_rgb", "cx": 980.4499991206444, "cy": 521.3768181161711, "fx": 1247.331455755461, "fy": 1247.723865751707, "k1": -0.12678871157521548, "k2": 0.12198782542066794, "k3": -0.015624469725846725, "k4": 0.0, "k5": 0.0, "k6": 0.0, "p1": -0.00013752626828933808, "p2": 8.387637189924834e-07, "p3": 0.0, "p4": 0.0}, "MountingLocation": "Exocentric", "Type": "OptiTrack Color Camera"}, {"Camera": {"DistortionModel": "OVFishEye62", "ImageSizeX": 636, "ImageSizeY": 480, "ModelViewMatrix": [[-0.35794591703568335, 0.933741608164927, -0.0011531084336779407, 121.43893952650144], [-0.0759219043138239, -0.030335141427821233, -0.9966522179977912, -42.03672922254342], [-0.9306506245218162, -0.3566600459487019, 0.08174978104572217, -101.22753308576296], [0.0, 0.0, 0.0, 1.0]], "SerialNo": "21179183_mono10bit", "cx": 311.9061331930199, "cy": 237.83958605930255, "fx": 191.65582141949048, "fy": 191.46509996658165, "k1": 0.26209560337142696, "k2": 0.12776166536669387, "k3": -0.3790254654443724, "k4": 0.30770522737377903, "k5": -0.12044725286308956, "k6": 0.01926736381541895, "p1": -0.000759836975732014, "p2": -0.000237382316714647, "p3": 0.0, "p4": 0.0}, "MountingLocation": "Exocentric", "ParentName": "cx3-01", "Type": "CX3"}, {"Camera": {"DistortionModel": "OVFishEye62", "ImageSizeX": 636, "ImageSizeY": 480, "ModelViewMatrix": [[-0.383142149917157, 0.5615393341815074, 0.7334000743958571, 152.2084676147796], [0.8057667037534451, 0.5913760960511041, -0.03184858147019093, 56.48498627312455], [-0.4515995040732079, 0.5787468265021802, -0.6790508071819725, -68.99111940794403], [0.0, 0.0, 0.0, 1.0]], "SerialNo": "21176623_mono10bit", "cx": 308.88033210153185, "cy": 231.8170608170117, "fx": 193.2612684274341, "fy": 193.0179574270989, "k1": 0.25749791369047736, "k2": 0.1416037675880224, "k3": -0.4016739708988609, "k4": 0.3257701664292359, "k5": -0.12819693830906345, "k6": 0.020681140883091236, "p1": -0.00033744551256492206, "p2": -0.0002662792083775234, "p3": 0.0, "p4": 0.0}, "MountingLocation": "Exocentric", "ParentName": "cx3-01", "Type": "CX3"}, {"Camera": {"DistortionModel": "OVFishEye62", "ImageSizeX": 636, "ImageSizeY": 480, "ModelViewMatrix": [[-0.3619951569641775, 0.932158386286087, 0.006344226587958246, 121.26695525491448], [0.24732637280484016, 0.10260435706432125, -0.9634843077220401, -114.98472409279385], [-0.8987709227882723, -0.34720755865610964, -0.2676896329004588, -130.7307326764555], [0.0, 0.0, 0.0, 1.0]], "SerialNo": "21110305_mono10bit", "cx": 313.04244009495375, "cy": 233.64238350799002, "fx": 189.9412860195803, "fy": 189.88541028870918, "k1": 0.2774912784595329, "k2": 0.09352849424015451, "k3": -0.3472595589219733, "k4": 0.29335149281396006, "k5": -0.11752798759011007, "k6": 0.019042334382489572, "p1": -0.00014784366148412395, "p2": -0.0002644904974445701, "p3": 0.0, "p4": 0.0}, "MountingLocation": "Exocentric", "ParentName": "cx3-01", "Type": "CX3"}, {"Camera": {"DistortionModel": "OVFishEye62", "ImageSizeX": 636, "ImageSizeY": 480, "ModelViewMatrix": [[-0.26409382658177316, 0.6061020285194111, -0.7502631416950002, 34.18932194120163], [-0.7649716864785824, -0.6053974006999305, -0.21980060534921572, -80.30794260658858], [-0.5874289485950709, 0.5158820778534793, 0.6235326070880869, 30.846431904707007], [0.0, 0.0, 0.0, 1.0]], "SerialNo": "21176875_mono10bit", "cx": 314.95205120780236, "cy": 237.23118908958966, "fx": 190.0589014804568, "fy": 190.14357426253937, "k1": 0.25593554171046895, "k2": 0.165084791633286, "k3": -0.4490791437823655, "k4": 0.3699445543375956, "k5": -0.14673738359370203, "k6": 0.023514977455980253, "p1": -5.220397928174726e-05, "p2": -0.00048082467060351676, "p3": 0.0, "p4": 0.0}, "MountingLocation": "Exocentric", "ParentName": "cx3-01", "Type": "CX3"}]