[{"Camera": {"DistortionModel": "OpenCV", "ImageSizeX": 1920, "ImageSizeY": 1080, "ModelViewMatrix": [[0.2253969090790534, -0.33913271121862804, -0.9133374171461015, 172.83498600550513], [0.11524734370102724, 0.9401600562837038, -0.3206510850417946, -703.7545344334224], [0.96742662933551, -0.03298594776758004, 0.2509933148560102, 411.7420478038056], [0.0, 0.0, 0.0, 1.0]], "SerialNo": "C10119_rgb", "cx": 954.7087560789388, "cy": 514.457334532211, "fx": 1245.2210463380272, "fy": 1245.2045341703902, "k1": -0.12991268479720797, "k2": 0.12412745211886841, "k3": -0.01900970641988741, "k4": 0.0, "k5": 0.0, "k6": 0.0, "p1": -0.00032270960153500645, "p2": -4.3054009714235606e-05, "p3": 0.0, "p4": 0.0}, "MountingLocation": "Exocentric", "Type": "OptiTrack Color Camera"}, {"Camera": {"DistortionModel": "OpenCV", "ImageSizeX": 1920, "ImageSizeY": 1080, "ModelViewMatrix": [[-0.647826994622239, 0.6274183283825743, 0.4320491016636125, -161.26182884782344], [0.5739413681270105, 0.774919394174513, -0.26474749948715515, -640.0268370840761], [-0.5009106616865064, 0.07646027558034316, -0.8621150359824177, 1161.1804364772718], [0.0, 0.0, 0.0, 1.0]], "SerialNo": "C10395_rgb", "cx": 949.3653522347269, "cy": 522.6950083057467, "fx": 1242.5056586489447, "fy": 1241.2130983305747, "k1": -0.13391261086426726, "k2": 0.12886201351145787, "k3": -0.018350289674713288, "k4": 0.0, "k5": 0.0, "k6": 0.0, "p1": 0.0004909930506171555, "p2": 1.4461389760859715e-05, "p3": 0.0, "p4": 0.0}, "MountingLocation": "Exocentric", "Type": "OptiTrack Color Camera"}, {"Camera": {"DistortionModel": "OpenCV", "ImageSizeX": 1920, "ImageSizeY": 1080, "ModelViewMatrix": [[0.7004733952411639, -0.6245657604391633, -0.3453326417331061, 265.9825047990386], [0.18838590312576395, 0.628527890000175, -0.754628016306987, -627.626097797222], [0.6883660175101662, 0.4635410471349625, 0.5579264499539487, 432.93325150111446], [0.0, 0.0, 0.0, 1.0]], "SerialNo": "C10404_rgb", "cx": 984.1105365554864, "cy": 523.8423158840538, "fx": 1244.814128721274, "fy": 1245.8251305190765, "k1": -0.12587681731047434, "k2": 0.12211852366618574, "k3": -0.014535090995593487, "k4": 0.0, "k5": 0.0, "k6": 0.0, "p1": 0.00028240412742043384, "p2": 0.0007416121134035279, "p3": 0.0, "p4": 0.0}, "MountingLocation": "Exocentric", "Type": "OptiTrack Color Camera"}, {"Camera": {"DistortionModel": "OpenCV", "ImageSizeX": 1920, "ImageSizeY": 1080, "ModelViewMatrix": [[-0.5711137434537159, 0.6117086489125702, -0.5473953058657355, -131.79770243239915], [0.26147834398267655, 0.7676778053667723, 0.5850639817792009, -756.8242198354906], [0.7781119248966444, 0.19100606271219256, -0.5983799097068898, 443.7004984113781], [0.0, 0.0, 0.0, 1.0]], "SerialNo": "C10095_rgb", "cx": 956.5364533906478, "cy": 530.2690116521698, "fx": 1192.3589996601293, "fy": 1192.463568123113, "k1": -0.12979523345441699, "k2": 0.12135485865333841, "k3": 0.007668856160013918, "k4": 0.0, "k5": 0.0, "k6": 0.0, "p1": 2.0466167261474023e-05, "p2": -0.00025326624173276134, "p3": 0.0, "p4": 0.0}, "MountingLocation": "Exocentric", "Type": "OptiTrack Color Camera"}, {"Camera": {"DistortionModel": "OpenCV", "ImageSizeX": 1920, "ImageSizeY": 1080, "ModelViewMatrix": [[-0.1604623990384897, 0.18575134174214408, -0.9694061365267943, -46.124392956967625], [-0.6235550183148033, 0.7422520716059791, 0.24544042318057147, -215.24040326066105], [0.7651346009881124, 0.6438620203410245, -0.003277366799162351, 248.33179456822623], [0.0, 0.0, 0.0, 1.0]], "SerialNo": "C10115_rgb", "cx": 945.7790673112814, "cy": 515.7737859643843, "fx": 1249.014390975587, "fy": 1249.019440653934, "k1": -0.1324135350710231, "k2": 0.12580219043198626, "k3": -0.021032145774563926, "k4": 0.0, "k5": 0.0, "k6": 0.0, "p1": -0.00042347529269435956, "p2": 1.5473613745935794e-06, "p3": 0.0, "p4": 0.0}, "MountingLocation": "Exocentric", "Type": "OptiTrack Color Camera"}, {"Camera": {"DistortionModel": "OpenCV", "ImageSizeX": 1920, "ImageSizeY": 1080, "ModelViewMatrix": [[0.7268255096654352, -0.6862718982105926, -0.027487455793693688, 240.26415003615182], [0.6579869978828006, 0.6842784088539302, 0.3143503933407956, -686.426198915995], [-0.19692076862728278, -0.2465642733705825, 0.9489089893032296, 1130.9528129178855], [0.0, 0.0, 0.0, 1.0]], "SerialNo": "C10379_rgb", "cx": 958.0753324220964, "cy": 531.234741876228, "fx": 1247.905354870535, "fy": 1247.343627994345, "k1": -0.12456812889323295, "k2": 0.11744991136545513, "k3": -0.019063910780039856, "k4": 0.0, "k5": 0.0, "k6": 0.0, "p1": 0.0006486594405769711, "p2": 0.00040779203199834535, "p3": 0.0, "p4": 0.0}, "MountingLocation": "Exocentric", "Type": "OptiTrack Color Camera"}, {"Camera": {"DistortionModel": "OpenCV", "ImageSizeX": 1920, "ImageSizeY": 1080, "ModelViewMatrix": [[-0.6117929000845221, 0.7417141853300419, 0.2748990991006748, -265.89518431906384], [0.6267245752124794, 0.24247577976648116, 0.7405550641588877, -560.5274563866478], [0.4826238226931069, 0.6253523514842089, -0.613195468233632, 505.16581966517225], [0.0, 0.0, 0.0, 1.0]], "SerialNo": "C10390_rgb", "cx": 942.0628287320784, "cy": 526.4680391613572, "fx": 1246.7680912881128, "fy": 1246.949813335953, "k1": -0.12886749605464753, "k2": 0.12369621868514644, "k3": -0.016887594439099294, "k4": 0.0, "k5": 0.0, "k6": 0.0, "p1": 8.453675299239449e-05, "p2": 0.0002694718040340921, "p3": 0.0, "p4": 0.0}, "MountingLocation": "Exocentric", "Type": "OptiTrack Color Camera"}, {"Camera": {"DistortionModel": "OpenCV", "ImageSizeX": 1920, "ImageSizeY": 1080, "ModelViewMatrix": [[-0.17976125895248174, 0.226864142342652, -0.9571930582170722, -3.9337757360031786], [0.7367725189191017, 0.6757891004573924, 0.021802455563313172, -782.5212323722467], [0.6518068311589105, -0.701314303734154, -0.28862796509080346, 815.6641345706483], [0.0, 0.0, 0.0, 1.0]], "SerialNo": "C10118_rgb", "cx": 954.521643992813, "cy": 521.2686296485246, "fx": 1248.48276173033, "fy": 1248.2616510436008, "k1": -0.1278151687945718, "k2": 0.12019981713198716, "k3": -0.020629122942919065, "k4": 0.0, "k5": 0.0, "k6": 0.0, "p1": 4.0981503587555865e-05, "p2": -0.00011718860344892118, "p3": 0.0, "p4": 0.0}, "MountingLocation": "Exocentric", "Type": "OptiTrack Color Camera"}, {"Camera": {"DistortionModel": "OVFishEye62", "ImageSizeX": 636, "ImageSizeY": 480, "ModelViewMatrix": [[-0.37377651563438175, 0.9267556998424389, 0.03761634179146134, 121.27239532501761], [-0.08889089790136584, 0.004576941806811785, -0.9960308528725332, -40.46630692661103], [-0.9232494379259105, -0.3756366920486445, 0.0806693929333917, -103.54147112045383], [0.0, 0.0, 0.0, 1.0]], "SerialNo": "21179183_mono10bit", "cx": 311.9061331930199, "cy": 237.83958605930255, "fx": 191.65582141949048, "fy": 191.46509996658165, "k1": 0.26209560337142696, "k2": 0.12776166536669387, "k3": -0.3790254654443724, "k4": 0.30770522737377903, "k5": -0.12044725286308956, "k6": 0.01926736381541895, "p1": -0.000759836975732014, "p2": -0.000237382316714647, "p3": 0.0, "p4": 0.0}, "MountingLocation": "Exocentric", "ParentName": "cx3-01", "Type": "CX3"}, {"Camera": {"DistortionModel": "OVFishEye62", "ImageSizeX": 636, "ImageSizeY": 480, "ModelViewMatrix": [[-0.3820307422197029, 0.5279446802894598, 0.7585030827578243, 151.82132412537712], [0.7964291817181306, 0.6044153435119157, -0.01956146812388332, 59.218484119560955], [-0.4687782743545734, 0.5966209073452193, -0.6513757920062084, -68.65664811742477], [0.0, 0.0, 0.0, 1.0]], "SerialNo": "21176623_mono10bit", "cx": 308.88033210153185, "cy": 231.8170608170117, "fx": 193.2612684274341, "fy": 193.0179574270989, "k1": 0.25749791369047736, "k2": 0.1416037675880224, "k3": -0.4016739708988609, "k4": 0.3257701664292359, "k5": -0.12819693830906345, "k6": 0.020681140883091236, "p1": -0.00033744551256492206, "p2": -0.0002662792083775234, "p3": 0.0, "p4": 0.0}, "MountingLocation": "Exocentric", "ParentName": "cx3-01", "Type": "CX3"}, {"Camera": {"DistortionModel": "OVFishEye62", "ImageSizeX": 636, "ImageSizeY": 480, "ModelViewMatrix": [[-0.3738427964121269, 0.9264816885225775, 0.043280993555080305, 122.96872246318944], [0.23408599650352668, 0.13940374800489463, -0.9621696011011462, -113.09195877237214], [-0.8974660493922386, -0.34956869979238947, -0.2689914762845589, -132.06116821147978], [0.0, 0.0, 0.0, 1.0]], "SerialNo": "21110305_mono10bit", "cx": 313.04244009495375, "cy": 233.64238350799002, "fx": 189.9412860195803, "fy": 189.88541028870918, "k1": 0.2774912784595329, "k2": 0.09352849424015451, "k3": -0.3472595589219733, "k4": 0.29335149281396006, "k5": -0.11752798759011007, "k6": 0.019042334382489572, "p1": -0.00014784366148412395, "p2": -0.0002644904974445701, "p3": 0.0, "p4": 0.0}, "MountingLocation": "Exocentric", "ParentName": "cx3-01", "Type": "CX3"}, {"Camera": {"DistortionModel": "OVFishEye62", "ImageSizeX": 636, "ImageSizeY": 480, "ModelViewMatrix": [[-0.28400554502947206, 0.6300912401185051, -0.7227211630486804, 35.409063378156056], [-0.7589844230029726, -0.608332623375563, -0.2321078735757379, -81.57075478910654], [-0.5859039989890474, 0.4826141817880306, 0.650999274581556, 29.390350390295154], [0.0, 0.0, 0.0, 1.0]], "SerialNo": "21176875_mono10bit", "cx": 314.95205120780236, "cy": 237.23118908958966, "fx": 190.0589014804568, "fy": 190.14357426253937, "k1": 0.25593554171046895, "k2": 0.165084791633286, "k3": -0.4490791437823655, "k4": 0.3699445543375956, "k5": -0.14673738359370203, "k6": 0.023514977455980253, "p1": -5.220397928174726e-05, "p2": -0.00048082467060351676, "p3": 0.0, "p4": 0.0}, "MountingLocation": "Exocentric", "ParentName": "cx3-01", "Type": "CX3"}]