[{"Camera": {"DistortionModel": "OpenCV", "ImageSizeX": 1920, "ImageSizeY": 1080, "ModelViewMatrix": [[0.996533307547261, -0.0767366044460691, 0.03213814691303382, -51.69382810072554], [-0.07342496720854767, -0.6296012820674919, 0.773441012495067, -84.87415884693651], [-0.03911701853848164, -0.7731194727576445, -0.6330530307198616, 1357.9711935825856], [0.0, 0.0, 0.0, 1.0]], "SerialNo": "C10390_rgb", "cx": 941.4111592874465, "cy": 527.2302870684388, "fx": 1244.6096921855212, "fy": 1244.7273009254088, "k1": -0.12797172997699055, "k2": 0.12199706248807123, "k3": -0.017418540017503665, "k4": 0.0, "k5": 0.0, "k6": 0.0, "p1": 0.00018457159594422918, "p2": 4.971377666659023e-05, "p3": 0.0, "p4": 0.0}, "MountingLocation": "Exocentric", "Type": "OptiTrack Color Camera"}, {"Camera": {"DistortionModel": "OpenCV", "ImageSizeX": 1920, "ImageSizeY": 1080, "ModelViewMatrix": [[0.9791827098030398, 0.02751162299630506, 0.20110776072266628, -78.85211603245274], [0.09049871616662886, -0.9460199323116396, -0.31121739996547937, 350.173448991298], [0.18168985440846158, 0.32293869119260143, -0.9288161274094255, 1027.6773673193604], [0.0, 0.0, 0.0, 1.0]], "SerialNo": "C10395_rgb", "cx": 949.1313821607018, "cy": 521.6604497878938, "fx": 1243.2900609342662, "fy": 1242.3479934586503, "k1": -0.1278251333032212, "k2": 0.12203040655860244, "k3": -0.017315819690725116, "k4": 0.0, "k5": 0.0, "k6": 0.0, "p1": 0.0002511897683538494, "p2": 9.461523620868468e-05, "p3": 0.0, "p4": 0.0}, "MountingLocation": "Exocentric", "Type": "OptiTrack Color Camera"}, {"Camera": {"DistortionModel": "OpenCV", "ImageSizeX": 1920, "ImageSizeY": 1080, "ModelViewMatrix": [[0.6781737737371112, -0.004665144666452126, -0.7348867729388021, 91.47300756997507], [0.5018577109447055, -0.727565645613425, 0.46774680040430067, -50.86083373080225], [-0.5368604758971421, -0.6860222064542527, -0.4910747007036025, 1116.272032714428], [0.0, 0.0, 0.0, 1.0]], "SerialNo": "C10095_rgb", "cx": 958.3396375371005, "cy": 530.4090622313728, "fx": 1191.8289117545594, "fy": 1191.5944196754233, "k1": -0.1290171079242873, "k2": 0.12067010879549894, "k3": 0.005349998166587198, "k4": 0.0, "k5": 0.0, "k6": 0.0, "p1": -0.00011438702768275449, "p2": -4.17804028321257e-05, "p3": 0.0, "p4": 0.0}, "MountingLocation": "Exocentric", "Type": "OptiTrack Color Camera"}, {"Camera": {"DistortionModel": "OpenCV", "ImageSizeX": 1920, "ImageSizeY": 1080, "ModelViewMatrix": [[0.04418925541427332, -0.013122776975295219, -0.998936986216042, 183.83515989025298], [-0.019183315337801165, -0.9997405091919456, 0.01228473415587929, 189.50394650740333], [-0.9988389810768215, 0.01862006995386447, -0.044429527077503694, 658.7134620637428], [0.0, 0.0, 0.0, 1.0]], "SerialNo": "C10118_rgb", "cx": 951.7596808019844, "cy": 520.6641203259952, "fx": 1247.311710309532, "fy": 1246.7169417347773, "k1": -0.12537875284150782, "k2": 0.1155055354557666, "k3": -0.02115637999587415, "k4": 0.0, "k5": 0.0, "k6": 0.0, "p1": -1.8863178577087795e-05, "p2": -0.0002232052533948553, "p3": 0.0, "p4": 0.0}, "MountingLocation": "Exocentric", "Type": "OptiTrack Color Camera"}, {"Camera": {"DistortionModel": "OpenCV", "ImageSizeX": 1920, "ImageSizeY": 1080, "ModelViewMatrix": [[-0.9750238753874123, -0.04871115489717158, 0.2166925605854896, 114.4545742113579], [0.11077806305149045, -0.9522883997539364, 0.28438534498220425, 215.04174035330166], [0.19250107316862505, 0.3012872833072632, 0.9339000534030698, 711.0808951167168], [0.0, 0.0, 0.0, 1.0]], "SerialNo": "C10379_rgb", "cx": 953.4542264305874, "cy": 529.0592014709682, "fx": 1251.393565054605, "fy": 1250.356477651109, "k1": -0.1323560830269382, "k2": 0.12560487600031003, "k3": -0.02217325425213781, "k4": 0.0, "k5": 0.0, "k6": 0.0, "p1": 9.213529356289615e-06, "p2": 0.00016958964489520627, "p3": 0.0, "p4": 0.0}, "MountingLocation": "Exocentric", "Type": "OptiTrack Color Camera"}, {"Camera": {"DistortionModel": "OpenCV", "ImageSizeX": 1920, "ImageSizeY": 1080, "ModelViewMatrix": [[-0.9916696081355654, -0.07053521440630436, -0.10777834582564183, 212.01676783477228], [0.12877896853192208, -0.5605491896326569, -0.8180468099479555, 75.43196109891089], [-0.0027139572784394064, -0.8251117436631411, 0.5649630473801468, 1144.8500530005604], [0.0, 0.0, 0.0, 1.0]], "SerialNo": "C10404_rgb", "cx": 978.7683348984797, "cy": 522.9410281575972, "fx": 1248.1799933022528, "fy": 1248.3523309033833, "k1": -0.1274961546141785, "k2": 0.1221872130452329, "k3": -0.016332109922691684, "k4": 0.0, "k5": 0.0, "k6": 0.0, "p1": 7.919738045206245e-05, "p2": -0.0002486940985634984, "p3": 0.0, "p4": 0.0}, "MountingLocation": "Exocentric", "Type": "OptiTrack Color Camera"}, {"Camera": {"DistortionModel": "OpenCV", "ImageSizeX": 1920, "ImageSizeY": 1080, "ModelViewMatrix": [[0.0035581797211605704, 0.0028689510579379407, -0.9999895541838921, 119.08213575639346], [0.997891981385887, -0.06480950353868198, 0.0033647788661956834, -5.717523519064761], [-0.06479917316463801, -0.9978935300776817, -0.0030935071169346795, 1212.483341593763], [0.0, 0.0, 0.0, 1.0]], "SerialNo": "C10115_rgb", "cx": 946.5751776391136, "cy": 515.5794416623793, "fx": 1249.1613188823708, "fy": 1249.3303327535434, "k1": -0.13286626483046082, "k2": 0.12641019411305576, "k3": -0.020821318302454442, "k4": 0.0, "k5": 0.0, "k6": 0.0, "p1": -0.00048219355992382585, "p2": 0.0003731795446661418, "p3": 0.0, "p4": 0.0}, "MountingLocation": "Exocentric", "Type": "OptiTrack Color Camera"}, {"Camera": {"DistortionModel": "OpenCV", "ImageSizeX": 1920, "ImageSizeY": 1080, "ModelViewMatrix": [[-0.6092016539085785, 0.0856470730078834, -0.7883767651067826, 133.07694346263818], [0.4997419534811648, -0.730445289703384, -0.4655186985298969, 158.97759018247925], [-0.6157364085433654, -0.677579705743407, 0.4021870430021285, 917.5026129932129], [0.0, 0.0, 0.0, 1.0]], "SerialNo": "C10119_rgb", "cx": 954.2471765684296, "cy": 514.2089231428779, "fx": 1244.708394399831, "fy": 1244.6957091725299, "k1": -0.13176112498039635, "k2": 0.12714278807202334, "k3": -0.018003014139121788, "k4": 0.0, "k5": 0.0, "k6": 0.0, "p1": -6.665137430402728e-05, "p2": -0.00018221969401828662, "p3": 0.0, "p4": 0.0}, "MountingLocation": "Exocentric", "Type": "OptiTrack Color Camera"}, {"Camera": {"DistortionModel": "OVFishEye62", "ImageSizeX": 636, "ImageSizeY": 480, "ModelViewMatrix": [[-0.3673363459563732, 0.9286191605543044, 0.05225383804888767, 123.08347020562098], [-0.10430705320163725, 0.014696395790399053, -0.9944365513209796, -40.39348014797133], [-0.9242207785977392, -0.3707431329130609, 0.09146300785562334, -101.60001714737798], [0.0, 0.0, 0.0, 1.0]], "SerialNo": "21179183_mono10bit", "cx": 311.9061331930199, "cy": 237.83958605930255, "fx": 191.65582141949048, "fy": 191.46509996658165, "k1": 0.26209560337142696, "k2": 0.12776166536669387, "k3": -0.3790254654443724, "k4": 0.30770522737377903, "k5": -0.12044725286308956, "k6": 0.01926736381541895, "p1": -0.000759836975732014, "p2": -0.000237382316714647, "p3": 0.0, "p4": 0.0}, "MountingLocation": "Exocentric", "ParentName": "cx3-01", "Type": "CX3"}, {"Camera": {"DistortionModel": "OVFishEye62", "ImageSizeX": 636, "ImageSizeY": 480, "ModelViewMatrix": [[-0.3719927536829506, 0.5193511880046904, 0.769347603314323, 151.33031582595072], [0.7961525572075221, 0.6046503285088274, -0.02321822314670796, 56.727868850738176], [-0.47724469285608523, 0.6038810509962074, -0.6384083171359984, -66.70263507791586], [0.0, 0.0, 0.0, 1.0]], "SerialNo": "21176623_mono10bit", "cx": 308.88033210153185, "cy": 231.8170608170117, "fx": 193.2612684274341, "fy": 193.0179574270989, "k1": 0.25749791369047736, "k2": 0.1416037675880224, "k3": -0.4016739708988609, "k4": 0.3257701664292359, "k5": -0.12819693830906345, "k6": 0.020681140883091236, "p1": -0.00033744551256492206, "p2": -0.0002662792083775234, "p3": 0.0, "p4": 0.0}, "MountingLocation": "Exocentric", "ParentName": "cx3-01", "Type": "CX3"}, {"Camera": {"DistortionModel": "OVFishEye62", "ImageSizeX": 636, "ImageSizeY": 480, "ModelViewMatrix": [[-0.3707676717932875, 0.9267936601275711, 0.059873575977431426, 123.11598944145953], [0.22883710160679993, 0.1536476145857376, -0.961262706787438, -112.08610270892457], [-0.900091614493316, -0.34270384018778205, -0.26905234330769745, -131.21321856357727], [0.0, 0.0, 0.0, 1.0]], "SerialNo": "21110305_mono10bit", "cx": 313.04244009495375, "cy": 233.64238350799002, "fx": 189.9412860195803, "fy": 189.88541028870918, "k1": 0.2774912784595329, "k2": 0.09352849424015451, "k3": -0.3472595589219733, "k4": 0.29335149281396006, "k5": -0.11752798759011007, "k6": 0.019042334382489572, "p1": -0.00014784366148412395, "p2": -0.0002644904974445701, "p3": 0.0, "p4": 0.0}, "MountingLocation": "Exocentric", "ParentName": "cx3-01", "Type": "CX3"}, {"Camera": {"DistortionModel": "OVFishEye62", "ImageSizeX": 636, "ImageSizeY": 480, "ModelViewMatrix": [[-0.29219636403208615, 0.6401393626133492, -0.710522963231593, 36.76441805680703], [-0.762741670590675, -0.6041724542573677, -0.230652963261206, -80.8441079357008], [-0.5769284433887576, 0.4745495147501513, 0.6647979612329005, 29.862695230191452], [0.0, 0.0, 0.0, 1.0]], "SerialNo": "21176875_mono10bit", "cx": 314.95205120780236, "cy": 237.23118908958966, "fx": 190.0589014804568, "fy": 190.14357426253937, "k1": 0.25593554171046895, "k2": 0.165084791633286, "k3": -0.4490791437823655, "k4": 0.3699445543375956, "k5": -0.14673738359370203, "k6": 0.023514977455980253, "p1": -5.220397928174726e-05, "p2": -0.00048082467060351676, "p3": 0.0, "p4": 0.0}, "MountingLocation": "Exocentric", "ParentName": "cx3-01", "Type": "CX3"}]