[{"Camera": {"DistortionModel": "OpenCV", "ImageSizeX": 1920, "ImageSizeY": 1080, "ModelViewMatrix": [[0.058167883644105745, -0.009812076979864956, -0.9982585939813926, 115.98233773539435], [-0.020765754818198635, -0.9997472359918576, 0.008616702006647239, 190.5403978204542], [-0.9980908178814172, 0.020228377888058712, -0.05835693608151171, 653.1430222084466], [0.0, 0.0, 0.0, 1.0]], "SerialNo": "C10118_rgb", "cx": 952.9292841517629, "cy": 521.9550108854065, "fx": 1246.9905081607649, "fy": 1247.0938170050783, "k1": -0.12661385980115733, "k2": 0.11836065954440277, "k3": -0.02052789515005487, "k4": 0.0, "k5": 0.0, "k6": 0.0, "p1": 4.586664120649499e-05, "p2": -0.00029993715111987433, "p3": 0.0, "p4": 0.0}, "MountingLocation": "Exocentric", "Type": "OptiTrack Color Camera"}, {"Camera": {"DistortionModel": "OpenCV", "ImageSizeX": 1920, "ImageSizeY": 1080, "ModelViewMatrix": [[0.015718766527533123, 0.0046863153980407635, -0.9998654703643102, 53.36126551598733], [0.9972297064930593, -0.07278539552262919, 0.015336188782784366, -0.6100880747337117], [-0.07270373351224607, -0.9973366155148444, -0.005817429567756438, 1212.0081583565125], [0.0, 0.0, 0.0, 1.0]], "SerialNo": "C10115_rgb", "cx": 944.4929204372778, "cy": 515.0142175754872, "fx": 1248.1494098027372, "fy": 1248.1879204843128, "k1": -0.13192367166615881, "k2": 0.12544194393720667, "k3": -0.020729492333523027, "k4": 0.0, "k5": 0.0, "k6": 0.0, "p1": -0.0005160437814409174, "p2": -0.00019963857680649122, "p3": 0.0, "p4": 0.0}, "MountingLocation": "Exocentric", "Type": "OptiTrack Color Camera"}, {"Camera": {"DistortionModel": "OpenCV", "ImageSizeX": 1920, "ImageSizeY": 1080, "ModelViewMatrix": [[-0.5982084760452926, 0.09026888329098018, -0.7962400064659957, 77.92333142124976], [0.5039927896802373, -0.7301257603043563, -0.4614191609483925, 129.6785233675111], [-0.6230071324936027, -0.6773240752028425, 0.391272552081938, 943.55846903451], [0.0, 0.0, 0.0, 1.0]], "SerialNo": "C10119_rgb", "cx": 954.472284038765, "cy": 514.0861328206, "fx": 1244.5427944552134, "fy": 1244.4306549349355, "k1": -0.1308661364481936, "k2": 0.12572236387242128, "k3": -0.01855008743268276, "k4": 0.0, "k5": 0.0, "k6": 0.0, "p1": -0.0003228041336371095, "p2": -0.0002669624433076927, "p3": 0.0, "p4": 0.0}, "MountingLocation": "Exocentric", "Type": "OptiTrack Color Camera"}, {"Camera": {"DistortionModel": "OpenCV", "ImageSizeX": 1920, "ImageSizeY": 1080, "ModelViewMatrix": [[0.6875042428699001, -0.004305879672737212, -0.7261675945924118, 45.68902054229664], [0.49276358691360267, -0.7317573964672517, 0.4708663930750526, -15.78954054542717], [-0.5334060024483469, -0.6815515916757245, -0.5009645341103108, 1082.782353518938], [0.0, 0.0, 0.0, 1.0]], "SerialNo": "C10095_rgb", "cx": 955.4788200105619, "cy": 529.065629652377, "fx": 1192.3596930753833, "fy": 1192.4507820148747, "k1": -0.13004004818062403, "k2": 0.12162042802905677, "k3": 0.008796435064085773, "k4": 0.0, "k5": 0.0, "k6": 0.0, "p1": -0.0004224160916757965, "p2": -0.0005055340030460298, "p3": 0.0, "p4": 0.0}, "MountingLocation": "Exocentric", "Type": "OptiTrack Color Camera"}, {"Camera": {"DistortionModel": "OpenCV", "ImageSizeX": 1920, "ImageSizeY": 1080, "ModelViewMatrix": [[-0.9778620821927699, -0.04666640088489116, 0.20398037954193418, 126.91885601665011], [0.10416692660777094, -0.9540055197363262, 0.28110980010258235, 235.34896872592185], [0.18148002537665722, 0.29613462367827437, 0.9377469195087844, 773.9495359661412], [0.0, 0.0, 0.0, 1.0]], "SerialNo": "C10379_rgb", "cx": 952.7278884071599, "cy": 528.6440326863678, "fx": 1249.5106492937784, "fy": 1248.8583469504451, "k1": -0.1333922616085725, "k2": 0.12808945106206607, "k3": -0.02069945908112835, "k4": 0.0, "k5": 0.0, "k6": 0.0, "p1": 0.00021125303418892508, "p2": 0.0002564919170898005, "p3": 0.0, "p4": 0.0}, "MountingLocation": "Exocentric", "Type": "OptiTrack Color Camera"}, {"Camera": {"DistortionModel": "OpenCV", "ImageSizeX": 1920, "ImageSizeY": 1080, "ModelViewMatrix": [[0.995709417369405, -0.07977696050907092, 0.04688702095264942, -48.26829979547142], [-0.0870251071200976, -0.6350761194639452, 0.7675317278245589, -29.696731740319258], [-0.03145452102028552, -0.7683189175456709, -0.6392938714306853, 1318.0744108813785], [0.0, 0.0, 0.0, 1.0]], "SerialNo": "C10390_rgb", "cx": 942.1698048628311, "cy": 525.8748203871011, "fx": 1246.7168581853007, "fy": 1246.8752896264527, "k1": -0.13008231159141864, "k2": 0.1252353516453347, "k3": -0.017496260253611173, "k4": 0.0, "k5": 0.0, "k6": 0.0, "p1": -0.0001250413763557834, "p2": 2.7860286365906758e-05, "p3": 0.0, "p4": 0.0}, "MountingLocation": "Exocentric", "Type": "OptiTrack Color Camera"}, {"Camera": {"DistortionModel": "OpenCV", "ImageSizeX": 1920, "ImageSizeY": 1080, "ModelViewMatrix": [[-0.9904108095266373, -0.06513900041374618, -0.12183324258136155, 199.84171693382433], [0.13735672470426163, -0.5588655692255251, -0.8178034028498214, 21.279766622922143], [-0.014817508269226516, -0.8266959454112061, 0.562453780580559, 1183.3835356381926], [0.0, 0.0, 0.0, 1.0]], "SerialNo": "C10404_rgb", "cx": 980.1875190136991, "cy": 523.1551350670787, "fx": 1248.70953241987, "fy": 1249.1734763494067, "k1": -0.12794952724669378, "k2": 0.1238310664215664, "k3": -0.015738826999373658, "k4": 0.0, "k5": 0.0, "k6": 0.0, "p1": -4.24975255292987e-05, "p2": 6.809732885219219e-05, "p3": 0.0, "p4": 0.0}, "MountingLocation": "Exocentric", "Type": "OptiTrack Color Camera"}, {"Camera": {"DistortionModel": "OpenCV", "ImageSizeX": 1920, "ImageSizeY": 1080, "ModelViewMatrix": [[0.9756382005528479, 0.02312683531209757, 0.21816335877146734, -67.38277862164216], [0.09173962872085137, -0.9463170045570444, -0.3099483302235133, 327.746111806963], [0.19928357218837986, 0.3224116566978167, -0.9253846667636161, 967.3704797386957], [0.0, 0.0, 0.0, 1.0]], "SerialNo": "C10395_rgb", "cx": 954.179747915305, "cy": 524.7646383814173, "fx": 1244.0530942070486, "fy": 1243.5130912519844, "k1": -0.13170663102331148, "k2": 0.12483282790372426, "k3": -0.020118898488920907, "k4": 0.0, "k5": 0.0, "k6": 0.0, "p1": 0.0009536357785010709, "p2": 0.00011780705722466944, "p3": 0.0, "p4": 0.0}, "MountingLocation": "Exocentric", "Type": "OptiTrack Color Camera"}, {"Camera": {"DistortionModel": "OVFishEye62", "ImageSizeX": 636, "ImageSizeY": 480, "ModelViewMatrix": [[-0.3823203554316863, 0.9225541033775013, 0.05220222374501482, 122.55676743076256], [-0.09852724043311284, 0.015471155760425681, -0.9950140834340351, -39.53826263796613], [-0.9187619543250718, -0.3855574790881016, 0.0849817721867645, -103.5524082329206], [0.0, 0.0, 0.0, 1.0]], "SerialNo": "21179183_mono10bit", "cx": 311.9061331930199, "cy": 237.83958605930255, "fx": 191.65582141949048, "fy": 191.46509996658165, "k1": 0.26209560337142696, "k2": 0.12776166536669387, "k3": -0.3790254654443724, "k4": 0.30770522737377903, "k5": -0.12044725286308956, "k6": 0.01926736381541895, "p1": -0.000759836975732014, "p2": -0.000237382316714647, "p3": 0.0, "p4": 0.0}, "MountingLocation": "Exocentric", "ParentName": "cx3-01", "Type": "CX3"}, {"Camera": {"DistortionModel": "OVFishEye62", "ImageSizeX": 636, "ImageSizeY": 480, "ModelViewMatrix": [[-0.3827127349240165, 0.5130351139779928, 0.7683267106853486, 149.88751961130944], [0.7891837899778099, 0.6139263113566099, -0.01683537526540063, 59.680044799394665], [-0.48033312207596035, 0.5999078729685541, -0.6398364133019516, -67.95830489111567], [0.0, 0.0, 0.0, 1.0]], "SerialNo": "21176623_mono10bit", "cx": 308.88033210153185, "cy": 231.8170608170117, "fx": 193.2612684274341, "fy": 193.0179574270989, "k1": 0.25749791369047736, "k2": 0.1416037675880224, "k3": -0.4016739708988609, "k4": 0.3257701664292359, "k5": -0.12819693830906345, "k6": 0.020681140883091236, "p1": -0.00033744551256492206, "p2": -0.0002662792083775234, "p3": 0.0, "p4": 0.0}, "MountingLocation": "Exocentric", "ParentName": "cx3-01", "Type": "CX3"}, {"Camera": {"DistortionModel": "OVFishEye62", "ImageSizeX": 636, "ImageSizeY": 480, "ModelViewMatrix": [[-0.3873937647394117, 0.9200907630565887, 0.05795738761340408, 122.00178219468536], [0.2260774606538219, 0.15575793027438944, -0.9615760234848612, -111.33326974104848], [-0.8937645399238803, -0.3594056968031855, -0.2683514342798856, -132.33433737344046], [0.0, 0.0, 0.0, 1.0]], "SerialNo": "21110305_mono10bit", "cx": 313.04244009495375, "cy": 233.64238350799002, "fx": 189.9412860195803, "fy": 189.88541028870918, "k1": 0.2774912784595329, "k2": 0.09352849424015451, "k3": -0.3472595589219733, "k4": 0.29335149281396006, "k5": -0.11752798759011007, "k6": 0.019042334382489572, "p1": -0.00014784366148412395, "p2": -0.0002644904974445701, "p3": 0.0, "p4": 0.0}, "MountingLocation": "Exocentric", "ParentName": "cx3-01", "Type": "CX3"}, {"Camera": {"DistortionModel": "OVFishEye62", "ImageSizeX": 636, "ImageSizeY": 480, "ModelViewMatrix": [[-0.2981528822190733, 0.6351014413780666, -0.7125665007449915, 36.84397770775069], [-0.7558851095537472, -0.612958151771078, -0.23004348574194433, -81.18357460352293], [-0.5828743946849779, 0.4700302791702752, 0.6628189622240253, 29.11911129374159], [0.0, 0.0, 0.0, 1.0]], "SerialNo": "21176875_mono10bit", "cx": 314.95205120780236, "cy": 237.23118908958966, "fx": 190.0589014804568, "fy": 190.14357426253937, "k1": 0.25593554171046895, "k2": 0.165084791633286, "k3": -0.4490791437823655, "k4": 0.3699445543375956, "k5": -0.14673738359370203, "k6": 0.023514977455980253, "p1": -5.220397928174726e-05, "p2": -0.00048082467060351676, "p3": 0.0, "p4": 0.0}, "MountingLocation": "Exocentric", "ParentName": "cx3-01", "Type": "CX3"}]